0 5e-006 0.492528 3.14029 1
0.05 5e-006 0.491508 3.14029 0.997503
0.1 5e-006 0.488449 3.1403 0.99005
0.15 5e-006 0.483401 3.14031 0.977751
0.2 5e-006 0.476439 3.14033 0.960789
0.25 5e-006 0.467666 3.14036 0.939413
0.3 5e-006 0.457207 3.1404 0.913931
0.35 5e-006 0.445212 3.14043 0.884706
0.4 5e-006 0.431848 3.14048 0.852144
0.45 5e-006 0.417295 3.14052 0.816686
0.5 5e-006 0.401745 3.14057 0.778801
0.55 5e-006 0.385397 3.14063 0.738968
0.6 5e-006 0.368449 3.14068 0.697676
0.65 5e-006 0.3511 3.14073 0.655406
0.7 5e-006 0.333541 3.14079 0.612626
0.75 5e-006 0.315957 3.14085 0.569783
0.8 5e-006 0.298517 3.1409 0.527292
0.85 5e-006 0.281379 3.14096 0.485537
0.9 5e-006 0.264683 3.14101 0.444858
0.95 5e-006 0.248551 3.14106 0.405555
1 5e-006 0.233087 3.14111 0.367879
1.05 5e-006 0.218377 3.14116 0.33204
1.1 5e-006 0.204487 3.1412 0.298197
1.15 5e-006 0.191464 3.14124 0.266468
1.2 5e-006 0.179339 3.14128 0.236928
1.25 5e-006 0.168127 3.14132 0.209611
1.3 5e-006 0.157828 3.14135 0.18452
1.35 5e-006 0.14843 3.14138 0.161621
1.4 5e-006 0.139907 3.14141 0.140858
1.45 5e-006 0.132229 3.14143 0.122151
1.5 5e-006 0.125353 3.14145 0.105399
1.55 5e-006 0.119234 3.14147 0.0904914
1.6 5e-006 0.113822 3.14149 0.0773047
1.65 5e-006 0.109063 3.1415 0.0657103
1.7 5e-006 0.104903 3.14151 0.0555762
1.75 5e-006 0.101289 3.14152 0.0467706
1.8 5e-006 0.0981662 3.14152 0.0391639
1.85 5e-006 0.0954846 3.14152 0.0326308
1.9 5e-006 0.0931946 3.14152 0.0270518
1.95 5e-006 0.0912503 3.14152 0.0223149
2 5e-006 0.0896087 3.1415 0.0183156
2.05 5e-006 0.0882305 3.14149 0.0149581
2.1 5e-006 0.08708 3.14146 0.0121552
2.15 5e-006 0.0861248 3.14142 0.00982819
2.2 5e-006 0.0853362 3.14137 0.00790705
2.25 5e-006 0.0846887 3.14131 0.00632972
2.3 5e-006 0.0841601 3.14122 0.00504176
2.35 5e-006 0.0837307 3.14111 0.00399585
2.4 5e-006 0.083384 3.14096 0.00315111
2.45 5e-006 0.0831054 3.14078 0.00247256
2.5 5e-006 0.0828829 3.14054 0.00193045
2.55 5e-006 0.0827061 3.14054 0.00149969
2.6 5e-006 0.0825663 3.14054 0.00115923
2.65 5e-006 0.0824565 3.14054 0.000891594
2.7 5e-006 0.0823706 3.14054 0.000682328
2.75 5e-006 0.0823037 3.14054 0.000519575
2.8 5e-006 0.0822521 3.14054 0.000393669
2.85 5e-006 0.0822123 3.14054 0.000296786
2.9 5e-006 0.0821818 3.14054 0.00022263
2.95 5e-006 0.0821587 3.14054 0.00016617
3 5e-006 0.0821411 3.14054 0.00012341
3.05 5e-006 0.0821279 3.14054 9.1196e-005
3.1 5e-006 0.082118 3.14054 6.70548e-005
3.15 5e-006 0.0821106 3.14054 4.90584e-005
3.2 5e-006 0.0821051 3.14054 3.57128e-005
3.25 5e-006 0.0821011 3.14054 2.58681e-005
3.3 5e-006 0.0820981 3.14054 1.86437e-005
3.35 5e-006 0.0820959 3.14054 1.337e-005
3.4 5e-006 0.0820944 3.14054 9.54016e-006
3.45 5e-006 0.0820932 3.14054 6.77345e-006
3.5 5e-006 0.0820924 3.14054 4.78512e-006
3.55 5e-006 0.0820918 3.14054 3.3636e-006
3.6 5e-006 0.0820914 3.14054 2.35258e-006
3.65 5e-006 0.0820911 3.14054 1.63724e-006
3.7 5e-006 0.0820909 3.14054 1.13373e-006
3.75 5e-006 0.0820908 3.14054 7.81149e-007
3.8 5e-006 0.0820907 3.14054 5.35535e-007
3.85 5e-006 0.0820906 3.14054 3.65317e-007
3.9 5e-006 0.0820905 3.14054 2.4796e-007
3.95 5e-006 0.0820905 3.14054 1.67464e-007
4 5e-006 0.0820905 3.14054 1.12535e-007
4.05 5e-006 0.0820905 3.14054 7.52462e-008
4.1 5e-006 0.0820905 3.14054 5.00622e-008
4.15 5e-006 0.0820905 3.14054 3.31408e-008
4.2 5e-006 0.0820905 3.14054 2.18296e-008
4.25 5e-006 0.0820905 3.14054 1.43072e-008
4.3 5e-006 0.0820904 3.14054 9.33029e-009
4.35 5e-006 0.0820904 3.14054 6.05428e-009
4.4 5e-006 0.0820904 3.14054 3.90894e-009
4.45 5e-006 0.0820904 3.14054 2.51121e-009
4.5 5e-006 0.0820904 3.14054 1.60523e-009
4.55 5e-006 0.0820904 3.14054 1.02098e-009
4.6 5e-006 0.0820904 3.14054 6.46143e-010
4.65 5e-006 0.0820904 3.14054 4.06881e-010
4.7 5e-006 0.0820904 3.14054 2.54938e-010
4.75 5e-006 0.0820904 3.14054 1.58939e-010
4.8 5e-006 0.0820904 3.14054 9.85951e-011
4.85 5e-006 0.0820904 3.14054 6.08567e-011
4.9 5e-006 0.0820904 3.14054 3.73757e-011
4.95 5e-006 0.0820904 3.14054 2.28402e-011

0 0.000505 0.492183 3.13873 1
0.05 0.000505 0.491165 3.13873 0.997503
0.1 0.000505 0.488112 3.13873 0.99005
0.15 0.000505 0.483074 3.13874 0.977751
0.2 0.000505 0.476125 3.13876 0.960789
0.25 0.000505 0.467367 3.13879 0.939413
0.3 0.000505 0.456927 3.13882 0.913931
0.35 0.000505 0.444953 3.13885 0.884706
0.4 0.000505 0.431611 3.13889 0.852144
0.45 0.000505 0.417083 3.13893 0.816686
0.5 0.000505 0.401559 3.13897 0.778801
0.55 0.000505 0.385236 3.13902 0.738968
0.6 0.000505 0.368314 3.13906 0.697676
0.65 0.000505 0.350991 3.13911 0.655406
0.7 0.000505 0.333457 3.13916 0.612626
0.75 0.000505 0.315896 3.1392 0.569783
0.8 0.000505 0.298478 3.13925 0.527292
0.85 0.000505 0.28136 3.13929 0.485537
0.9 0.000505 0.264683 3.13934 0.444858
0.95 0.000505 0.248567 3.13938 0.405555
1 0.000505 0.233118 3.13942 0.367879
1.05 0.000505 0.21842 3.13945 0.33204
1.1 0.000505 0.204539 3.13949 0.298197
1.15 0.000505 0.191524 3.13952 0.266468
1.2 0.000505 0.179405 3.13955 0.236928
1.25 0.000505 0.168197 3.13958 0.209611
1.3 0.000505 0.157901 3.13961 0.18452
1.35 0.000505 0.148503 3.13963 0.161621
1.4 0.000505 0.139981 3.13965 0.140858
1.45 0.000505 0.132301 3.13967 0.122151
1.5 0.000505 0.125424 3.13969 0.105399
1.55 0.000505 0.119302 3.13971 0.0904914
1.6 0.000505 0.113886 3.13973 0.0773047
1.65 0.000505 0.109123 3.13974 0.0657103
1.7 0.000505 0.10496 3.13975 0.0555762
1.75 0.000505 0.101341 3.13976 0.0467706
1.8 0.000505 0.0982151 3.13977 0.0391639
1.85 0.000505 0.0955296 3.13978 0.0326308
1.9 0.000505 0.0932359 3.13978 0.0270518
1.95 0.000505 0.091288 3.13978 0.0223149
2 0.000505 0.089643 3.13977 0.0183156
2.05 0.000505 0.0882618 3.13976 0.0149581
2.1 0.000505 0.0871085 3.13974 0.0121552
2.15 0.000505 0.0861508 3.1397 0.00982819
2.2 0.000505 0.0853599 3.13966 0.00790705
2.25 0.000505 0.0847105 3.13959 0.00632972
2.3 0.000505 0.08418 3.13951 0.00504176
2.35 0.000505 0.0837492 3.1394 0.00399585
2.4 0.000505 0.0834011 3.13926 0.00315111
2.45 0.000505 0.0831215 3.13907 0.00247256
2.5 0.000505 0.082898 3.13884 0.00193045
2.55 0.000505 0.0827204 3.13884 0.00149969
2.6 0.000505 0.08258 3.13884 0.00115923
2.65 0.000505 0.0824695 3.13884 0.000891594
2.7 0.000505 0.0823832 3.13884 0.000682328
2.75 0.000505 0.082316 3.13884 0.000519575
2.8 0.000505 0.082264 3.13884 0.000393669
2.85 0.000505 0.082224 3.13884 0.000296786
2.9 0.000505 0.0821934 3.13884 0.00022263
2.95 0.000505 0.08217 3.13884 0.00016617
3 0.000505 0.0821524 3.13884 0.00012341
3.05 0.000505 0.082139 3.13884 9.1196e-005
3.1 0.000505 0.082129 3.13884 6.70548e-005
3.15 0.000505 0.0821216 3.13884 4.90584e-005
3.2 0.000505 0.0821161 3.13884 3.57128e-005
3.25 0.000505 0.082112 3.13884 2.58681e-005
3.3 0.000505 0.082109 3.13884 1.86437e-005
3.35 0.000505 0.0821068 3.13884 1.337e-005
3.4 0.000505 0.0821052 3.13884 9.54016e-006
3.45 0.000505 0.0821041 3.13884 6.77345e-006
3.5 0.000505 0.0821033 3.13884 4.78512e-006
3.55 0.000505 0.0821027 3.13884 3.3636e-006
3.6 0.000505 0.0821022 3.13884 2.35258e-006
3.65 0.000505 0.082102 3.13884 1.63724e-006
3.7 0.000505 0.0821017 3.13884 1.13373e-006
3.75 0.000505 0.0821016 3.13884 7.81149e-007
3.8 0.000505 0.0821015 3.13884 5.35535e-007
3.85 0.000505 0.0821014 3.13884 3.65317e-007
3.9 0.000505 0.0821014 3.13884 2.4796e-007
3.95 0.000505 0.0821013 3.13884 1.67464e-007
4 0.000505 0.0821013 3.13884 1.12535e-007
4.05 0.000505 0.0821013 3.13884 7.52462e-008
4.1 0.000505 0.0821013 3.13884 5.00622e-008
4.15 0.000505 0.0821013 3.13884 3.31408e-008
4.2 0.000505 0.0821013 3.13884 2.18296e-008
4.25 0.000505 0.0821013 3.13884 1.43072e-008
4.3 0.000505 0.0821013 3.13884 9.33029e-009
4.35 0.000505 0.0821013 3.13884 6.05428e-009
4.4 0.000505 0.0821013 3.13884 3.90894e-009
4.45 0.000505 0.0821013 3.13884 2.51121e-009
4.5 0.000505 0.0821013 3.13884 1.60523e-009
4.55 0.000505 0.0821013 3.13884 1.02098e-009
4.6 0.000505 0.0821013 3.13884 6.46143e-010
4.65 0.000505 0.0821013 3.13884 4.06881e-010
4.7 0.000505 0.0821013 3.13884 2.54938e-010
4.75 0.000505 0.0821013 3.13884 1.58939e-010
4.8 0.000505 0.0821013 3.13884 9.85951e-011
4.85 0.000505 0.0821013 3.13884 6.08567e-011
4.9 0.000505 0.0821013 3.13884 3.73757e-011
4.95 0.000505 0.0821013 3.13884 2.28402e-011

0 0.001005 0.491839 3.13721 1
0.05 0.001005 0.490823 3.13721 0.997503
0.1 0.001005 0.487776 3.13718 0.99005
0.15 0.001005 0.482747 3.13719 0.977751
0.2 0.001005 0.47581 3.13721 0.960789
0.25 0.001005 0.467069 3.13723 0.939413
0.3 0.001005 0.456647 3.13726 0.913931
0.35 0.001005 0.444694 3.13729 0.884706
0.4 0.001005 0.431376 3.13733 0.852144
0.45 0.001005 0.416872 3.13737 0.816686
0.5 0.001005 0.401373 3.13741 0.778801
0.55 0.001005 0.385076 3.13746 0.738968
0.6 0.001005 0.36818 3.1375 0.697676
0.65 0.001005 0.350882 3.13755 0.655406
0.7 0.001005 0.333373 3.1376 0.612626
0.75 0.001005 0.315835 3.13764 0.569783
0.8 0.001005 0.29844 3.13769 0.527292
0.85 0.001005 0.281342 3.13774 0.485537
0.9 0.001005 0.264682 3.13778 0.444858
0.95 0.001005 0.248583 3.13782 0.405555
1 0.001005 0.233148 3.13786 0.367879
1.05 0.001005 0.218462 3.1379 0.33204
1.1 0.001005 0.204591 3.13793 0.298197
1.15 0.001005 0.191584 3.13796 0.266468
1.2 0.001005 0.179471 3.13799 0.236928
1.25 0.001005 0.168268 3.13802 0.209611
1.3 0.001005 0.157974 3.13805 0.18452
1.35 0.001005 0.148577 3.13807 0.161621
1.4 0.001005 0.140055 3.13809 0.140858
1.45 0.001005 0.132374 3.13811 0.122151
1.5 0.001005 0.125494 3.13813 0.105399
1.55 0.001005 0.119369 3.13815 0.0904914
1.6 0.001005 0.11395 3.13817 0.0773047
1.65 0.001005 0.109184 3.13818 0.0657103
1.7 0.001005 0.105017 3.13819 0.0555762
1.75 0.001005 0.101394 3.13821 0.0467706
1.8 0.001005 0.098264 3.13821 0.0391639
1.85 0.001005 0.0955746 3.13822 0.0326308
1.9 0.001005 0.0932771 3.13822 0.0270518
1.95 0.001005 0.0913256 3.13822 0.0223149
2 0.001005 0.0896774 3.13821 0.0183156
2.05 0.001005 0.0882931 3.1382 0.0149581
2.1 0.001005 0.087137 3.13818 0.0121552
2.15 0.001005 0.0861767 3.13814 0.00982819
2.2 0.001005 0.0853836 3.1381 0.00790705
2.25 0.001005 0.0847322 3.13804 0.00632972
2.3 0.001005 0.0842 3.13795 0.00504176
2.35 0.001005 0.0837677 3.13784 0.00399585
2.4 0.001005 0.0834183 3.1377 0.00315111
2.45 0.001005 0.0831375 3.13751 0.00247256
2.5 0.001005 0.0829131 3.13728 0.00193045
2.55 0.001005 0.0827347 3.13728 0.00149969
2.6 0.001005 0.0825936 3.13728 0.00115923
2.65 0.001005 0.0824826 3.13728 0.000891594
2.7 0.001005 0.0823958 3.13728 0.000682328
2.75 0.001005 0.0823283 3.13728 0.000519575
2.8 0.001005 0.082276 3.13728 0.000393669
2.85 0.001005 0.0822357 3.13728 0.000296786
2.9 0.001005 0.0822049 3.13728 0.00022263
2.95 0.001005 0.0821814 3.13728 0.00016617
3 0.001005 0.0821636 3.13728 0.00012341
3.05 0.001005 0.0821502 3.13728 9.1196e-005
3.1 0.001005 0.0821401 3.13728 6.70548e-005
3.15 0.001005 0.0821326 3.13728 4.90584e-005
3.2 0.001005 0.082127 3.13728 3.57128e-005
3.25 0.001005 0.0821229 3.13728 2.58681e-005
3.3 0.001005 0.0821199 3.13728 1.86437e-005
3.35 0.001005 0.0821177 3.13728 1.337e-005
3.4 0.001005 0.0821161 3.13728 9.54016e-006
3.45 0.001005 0.0821149 3.13728 6.77345e-006
3.5 0.001005 0.0821141 3.13728 4.78512e-006
3.55 0.001005 0.0821135 3.13728 3.3636e-006
3.6 0.001005 0.0821131 3.13728 2.35258e-006
3.65 0.001005 0.0821128 3.13728 1.63724e-006
3.7 0.001005 0.0821126 3.13728 1.13373e-006
3.75 0.001005 0.0821124 3.13728 7.81149e-007
3.8 0.001005 0.0821123 3.13728 5.35535e-007
3.85 0.001005 0.0821122 3.13728 3.65317e-007
3.9 0.001005 0.0821122 3.13728 2.4796e-007
3.95 0.001005 0.0821122 3.13728 1.67464e-007
4 0.001005 0.0821121 3.13728 1.12535e-007
4.05 0.001005 0.0821121 3.13728 7.52462e-008
4.1 0.001005 0.0821121 3.13728 5.00622e-008
4.15 0.001005 0.0821121 3.13728 3.31408e-008
4.2 0.001005 0.0821121 3.13728 2.18296e-008
4.25 0.001005 0.0821121 3.13728 1.43072e-008
4.3 0.001005 0.0821121 3.13728 9.33029e-009
4.35 0.001005 0.0821121 3.13728 6.05428e-009
4.4 0.001005 0.0821121 3.13728 3.90894e-009
4.45 0.001005 0.0821121 3.13728 2.51121e-009
4.5 0.001005 0.0821121 3.13728 1.60523e-009
4.55 0.001005 0.0821121 3.13728 1.02098e-009
4.6 0.001005 0.0821121 3.13728 6.46143e-010
4.65 0.001005 0.0821121 3.13728 4.06881e-010
4.7 0.001005 0.0821121 3.13728 2.54938e-010
4.75 0.001005 0.0821121 3.13728 1.58939e-010
4.8 0.001005 0.0821121 3.13728 9.85951e-011
4.85 0.001005 0.0821121 3.13728 6.08567e-011
4.9 0.001005 0.0821121 3.13728 3.73757e-011
4.95 0.001005 0.0821121 3.13728 2.28402e-011

0 0.001505 0.491496 3.13574 1
0.05 0.001505 0.490482 3.13574 0.997503
0.1 0.001505 0.48744 3.13564 0.99005
0.15 0.001505 0.48242 3.13564 0.977751
0.2 0.001505 0.475497 3.13566 0.960789
0.25 0.001505 0.466771 3.13568 0.939413
0.3 0.001505 0.456368 3.13571 0.913931
0.35 0.001505 0.444436 3.13574 0.884706
0.4 0.001505 0.43114 3.13578 0.852144
0.45 0.001505 0.41666 3.13582 0.816686
0.5 0.001505 0.401187 3.13586 0.778801
0.55 0.001505 0.384916 3.13591 0.738968
0.6 0.001505 0.368046 3.13595 0.697676
0.65 0.001505 0.350773 3.136 0.655406
0.7 0.001505 0.333289 3.13605 0.612626
0.75 0.001505 0.315774 3.13609 0.569783
0.8 0.001505 0.298401 3.13614 0.527292
0.85 0.001505 0.281323 3.13618 0.485537
0.9 0.001505 0.264682 3.13623 0.444858
0.95 0.001505 0.248599 3.13627 0.405555
1 0.001505 0.233178 3.13631 0.367879
1.05 0.001505 0.218504 3.13635 0.33204
1.1 0.001505 0.204643 3.13638 0.298197
1.15 0.001505 0.191644 3.13641 0.266468
1.2 0.001505 0.179537 3.13644 0.236928
1.25 0.001505 0.168338 3.13647 0.209611
1.3 0.001505 0.158046 3.1365 0.18452
1.35 0.001505 0.148651 3.13652 0.161621
1.4 0.001505 0.140128 3.13654 0.140858
1.45 0.001505 0.132446 3.13656 0.122151
1.5 0.001505 0.125564 3.13658 0.105399
1.55 0.001505 0.119437 3.1366 0.0904914
1.6 0.001505 0.114015 3.13662 0.0773047
1.65 0.001505 0.109245 3.13663 0.0657103
1.7 0.001505 0.105073 3.13664 0.0555762
1.75 0.001505 0.101447 3.13665 0.0467706
1.8 0.001505 0.0983129 3.13666 0.0391639
1.85 0.001505 0.0956196 3.13667 0.0326308
1.9 0.001505 0.0933184 3.13667 0.0270518
1.95 0.001505 0.0913633 3.13667 0.0223149
2 0.001505 0.0897118 3.13666 0.0183156
2.05 0.001505 0.0883244 3.13665 0.0149581
2.1 0.001505 0.0871655 3.13662 0.0121552
2.15 0.001505 0.0862027 3.13659 0.00982819
2.2 0.001505 0.0854074 3.13655 0.00790705
2.25 0.001505 0.0847539 3.13648 0.00632972
2.3 0.001505 0.08422 3.1364 0.00504176
2.35 0.001505 0.0837861 3.13629 0.00399585
2.4 0.001505 0.0834355 3.13615 0.00315111
2.45 0.001505 0.0831536 3.13596 0.00247256
2.5 0.001505 0.0829282 3.13573 0.00193045
2.55 0.001505 0.082749 3.13573 0.00149969
2.6 0.001505 0.0826072 3.13573 0.00115923
2.65 0.001505 0.0824957 3.13573 0.000891594
2.7 0.001505 0.0824084 3.13573 0.000682328
2.75 0.001505 0.0823405 3.13573 0.000519575
2.8 0.001505 0.0822879 3.13573 0.000393669
2.85 0.001505 0.0822474 3.13573 0.000296786
2.9 0.001505 0.0822164 3.13573 0.00022263
2.95 0.001505 0.0821927 3.13573 0.00016617
3 0.001505 0.0821748 3.13573 0.00012341
3.05 0.001505 0.0821613 3.13573 9.1196e-005
3.1 0.001505 0.0821511 3.13573 6.70548e-005
3.15 0.001505 0.0821436 3.13573 4.90584e-005
3.2 0.001505 0.082138 3.13573 3.57128e-005
3.25 0.001505 0.0821338 3.13573 2.58681e-005
3.3 0.001505 0.0821308 3.13573 1.86437e-005
3.35 0.001505 0.0821285 3.13573 1.337e-005
3.4 0.001505 0.0821269 3.13573 9.54016e-006
3.45 0.001505 0.0821257 3.13573 6.77345e-006
3.5 0.001505 0.0821249 3.13573 4.78512e-006
3.55 0.001505 0.0821243 3.13573 3.3636e-006
3.6 0.001505 0.0821239 3.13573 2.35258e-006
3.65 0.001505 0.0821236 3.13573 1.63724e-006
3.7 0.001505 0.0821234 3.13573 1.13373e-006
3.75 0.001505 0.0821232 3.13573 7.81149e-007
3.8 0.001505 0.0821231 3.13573 5.35535e-007
3.85 0.001505 0.082123 3.13573 3.65317e-007
3.9 0.001505 0.082123 3.13573 2.4796e-007
3.95 0.001505 0.0821229 3.13573 1.67464e-007
4 0.001505 0.0821229 3.13573 1.12535e-007
4.05 0.001505 0.0821229 3.13573 7.52462e-008
4.1 0.001505 0.0821229 3.13573 5.00622e-008
4.15 0.001505 0.0821229 3.13573 3.31408e-008
4.2 0.001505 0.0821229 3.13573 2.18296e-008
4.25 0.001505 0.0821229 3.13573 1.43072e-008
4.3 0.001505 0.0821229 3.13573 9.33029e-009
4.35 0.001505 0.0821229 3.13573 6.05428e-009
4.4 0.001505 0.0821229 3.13573 3.90894e-009
4.45 0.001505 0.0821229 3.13573 2.51121e-009
4.5 0.001505 0.0821229 3.13573 1.60523e-009
4.55 0.001505 0.0821229 3.13573 1.02098e-009
4.6 0.001505 0.0821229 3.13573 6.46143e-010
4.65 0.001505 0.0821229 3.13573 4.06881e-010
4.7 0.001505 0.0821229 3.13573 2.54938e-010
4.75 0.001505 0.0821229 3.13573 1.58939e-010
4.8 0.001505 0.0821229 3.13573 9.85951e-011
4.85 0.001505 0.0821229 3.13573 6.08567e-011
4.9 0.001505 0.0821229 3.13573 3.73757e-011
4.95 0.001505 0.0821229 3.13573 2.28402e-011

0 0.002005 0.491153 3.13431 1
0.05 0.002005 0.490141 3.13431 0.997503
0.1 0.002005 0.487105 3.13413 0.99005
0.15 0.002005 0.482095 3.1341 0.977751
0.2 0.002005 0.475184 3.13411 0.960789
0.25 0.002005 0.466473 3.13414 0.939413
0.3 0.002005 0.456089 3.13417 0.913931
0.35 0.002005 0.444178 3.1342 0.884706
0.4 0.002005 0.430905 3.13424 0.852144
0.45 0.002005 0.416449 3.13428 0.816686
0.5 0.002005 0.401001 3.13432 0.778801
0.55 0.002005 0.384756 3.13436 0.738968
0.6 0.002005 0.367912 3.13441 0.697676
0.65 0.002005 0.350664 3.13446 0.655406
0.7 0.002005 0.333204 3.1345 0.612626
0.75 0.002005 0.315714 3.13455 0.569783
0.8 0.002005 0.298362 3.1346 0.527292
0.85 0.002005 0.281305 3.13464 0.485537
0.9 0.002005 0.264682 3.13469 0.444858
0.95 0.002005 0.248615 3.13473 0.405555
1 0.002005 0.233208 3.13477 0.367879
1.05 0.002005 0.218546 3.1348 0.33204
1.1 0.002005 0.204695 3.13484 0.298197
1.15 0.002005 0.191704 3.13487 0.266468
1.2 0.002005 0.179603 3.1349 0.236928
1.25 0.002005 0.168407 3.13493 0.209611
1.3 0.002005 0.158119 3.13495 0.18452
1.35 0.002005 0.148724 3.13498 0.161621
1.4 0.002005 0.140202 3.135 0.140858
1.45 0.002005 0.132518 3.13502 0.122151
1.5 0.002005 0.125634 3.13504 0.105399
1.55 0.002005 0.119504 3.13506 0.0904914
1.6 0.002005 0.114079 3.13507 0.0773047
1.65 0.002005 0.109305 3.13509 0.0657103
1.7 0.002005 0.10513 3.1351 0.0555762
1.75 0.002005 0.1015 3.13511 0.0467706
1.8 0.002005 0.0983617 3.13512 0.0391639
1.85 0.002005 0.0956645 3.13512 0.0326308
1.9 0.002005 0.0933596 3.13513 0.0270518
1.95 0.002005 0.091401 3.13512 0.0223149
2 0.002005 0.0897461 3.13512 0.0183156
2.05 0.002005 0.0883557 3.1351 0.0149581
2.1 0.002005 0.087194 3.13508 0.0121552
2.15 0.002005 0.0862287 3.13505 0.00982819
2.2 0.002005 0.0854311 3.135 0.00790705
2.25 0.002005 0.0847757 3.13494 0.00632972
2.3 0.002005 0.08424 3.13486 0.00504176
2.35 0.002005 0.0838046 3.13475 0.00399585
2.4 0.002005 0.0834526 3.1346 0.00315111
2.45 0.002005 0.0831696 3.13442 0.00247256
2.5 0.002005 0.0829433 3.13418 0.00193045
2.55 0.002005 0.0827633 3.13418 0.00149969
2.6 0.002005 0.0826209 3.13418 0.00115923
2.65 0.002005 0.0825088 3.13418 0.000891594
2.7 0.002005 0.082421 3.13418 0.000682328
2.75 0.002005 0.0823527 3.13418 0.000519575
2.8 0.002005 0.0822998 3.13418 0.000393669
2.85 0.002005 0.0822591 3.13418 0.000296786
2.9 0.002005 0.0822278 3.13418 0.00022263
2.95 0.002005 0.082204 3.13418 0.00016617
3 0.002005 0.082186 3.13418 0.00012341
3.05 0.002005 0.0821724 3.13418 9.1196e-005
3.1 0.002005 0.0821622 3.13418 6.70548e-005
3.15 0.002005 0.0821545 3.13418 4.90584e-005
3.2 0.002005 0.0821489 3.13418 3.57128e-005
3.25 0.002005 0.0821447 3.13418 2.58681e-005
3.3 0.002005 0.0821416 3.13418 1.86437e-005
3.35 0.002005 0.0821394 3.13418 1.337e-005
3.4 0.002005 0.0821377 3.13418 9.54016e-006
3.45 0.002005 0.0821366 3.13418 6.77345e-006
3.5 0.002005 0.0821357 3.13418 4.78512e-006
3.55 0.002005 0.0821351 3.13418 3.3636e-006
3.6 0.002005 0.0821347 3.13418 2.35258e-006
3.65 0.002005 0.0821344 3.13418 1.63724e-006
3.7 0.002005 0.0821341 3.13418 1.13373e-006
3.75 0.002005 0.082134 3.13418 7.81149e-007
3.8 0.002005 0.0821339 3.13418 5.35535e-007
3.85 0.002005 0.0821338 3.13418 3.65317e-007
3.9 0.002005 0.0821338 3.13418 2.4796e-007
3.95 0.002005 0.0821337 3.13418 1.67464e-007
4 0.002005 0.0821337 3.13418 1.12535e-007
4.05 0.002005 0.0821337 3.13418 7.52462e-008
4.1 0.002005 0.0821337 3.13418 5.00622e-008
4.15 0.002005 0.0821337 3.13418 3.31408e-008
4.2 0.002005 0.0821337 3.13418 2.18296e-008
4.25 0.002005 0.0821337 3.13418 1.43072e-008
4.3 0.002005 0.0821337 3.13418 9.33029e-009
4.35 0.002005 0.0821336 3.13418 6.05428e-009
4.4 0.002005 0.0821336 3.13418 3.90894e-009
4.45 0.002005 0.0821336 3.13418 2.51121e-009
4.5 0.002005 0.0821336 3.13418 1.60523e-009
4.55 0.002005 0.0821336 3.13418 1.02098e-009
4.6 0.002005 0.0821336 3.13418 6.46143e-010
4.65 0.002005 0.0821336 3.13418 4.06881e-010
4.7 0.002005 0.0821336 3.13418 2.54938e-010
4.75 0.002005 0.0821336 3.13418 1.58939e-010
4.8 0.002005 0.0821336 3.13418 9.85951e-011
4.85 0.002005 0.0821336 3.13418 6.08567e-011
4.9 0.002005 0.0821336 3.13418 3.73757e-011
4.95 0.002005 0.0821336 3.13418 2.28402e-011

0 0.002505 0.490811 3.13293 1
0.05 0.002505 0.489801 3.13293 0.997503
0.1 0.002505 0.486771 3.13264 0.99005
0.15 0.002505 0.481769 3.13258 0.977751
0.2 0.002505 0.474871 3.13258 0.960789
0.25 0.002505 0.466176 3.1326 0.939413
0.3 0.002505 0.455811 3.13263 0.913931
0.35 0.002505 0.44392 3.13267 0.884706
0.4 0.002505 0.43067 3.1327 0.852144
0.45 0.002505 0.416239 3.13274 0.816686
0.5 0.002505 0.400816 3.13279 0.778801
0.55 0.002505 0.384596 3.13283 0.738968
0.6 0.002505 0.367777 3.13288 0.697676
0.65 0.002505 0.350555 3.13292 0.655406
0.7 0.002505 0.33312 3.13297 0.612626
0.75 0.002505 0.315653 3.13302 0.569783
0.8 0.002505 0.298323 3.13306 0.527292
0.85 0.002505 0.281286 3.13311 0.485537
0.9 0.002505 0.264681 3.13315 0.444858
0.95 0.002505 0.248631 3.13319 0.405555
1 0.002505 0.233238 3.13323 0.367879
1.05 0.002505 0.218588 3.13327 0.33204
1.1 0.002505 0.204747 3.1333 0.298197
1.15 0.002505 0.191763 3.13333 0.266468
1.2 0.002505 0.179668 3.13336 0.236928
1.25 0.002505 0.168477 3.13339 0.209611
1.3 0.002505 0.158191 3.13342 0.18452
1.35 0.002505 0.148798 3.13344 0.161621
1.4 0.002505 0.140275 3.13346 0.140858
1.45 0.002505 0.13259 3.13348 0.122151
1.5 0.002505 0.125704 3.1335 0.105399
1.55 0.002505 0.119572 3.13352 0.0904914
1.6 0.002505 0.114143 3.13354 0.0773047
1.65 0.002505 0.109366 3.13355 0.0657103
1.7 0.002505 0.105187 3.13356 0.0555762
1.75 0.002505 0.101553 3.13357 0.0467706
1.8 0.002505 0.0984106 3.13358 0.0391639
1.85 0.002505 0.0957095 3.13359 0.0326308
1.9 0.002505 0.0934008 3.13359 0.0270518
1.95 0.002505 0.0914387 3.13359 0.0223149
2 0.002505 0.0897805 3.13358 0.0183156
2.05 0.002505 0.088387 3.13357 0.0149581
2.1 0.002505 0.0872225 3.13354 0.0121552
2.15 0.002505 0.0862547 3.13351 0.00982819
2.2 0.002505 0.0854548 3.13347 0.00790705
2.25 0.002505 0.0847974 3.1334 0.00632972
2.3 0.002505 0.08426 3.13332 0.00504176
2.35 0.002505 0.0838231 3.13321 0.00399585
2.4 0.002505 0.0834698 3.13307 0.00315111
2.45 0.002505 0.0831857 3.13288 0.00247256
2.5 0.002505 0.0829584 3.13265 0.00193045
2.55 0.002505 0.0827776 3.13265 0.00149969
2.6 0.002505 0.0826345 3.13265 0.00115923
2.65 0.002505 0.0825218 3.13265 0.000891594
2.7 0.002505 0.0824336 3.13265 0.000682328
2.75 0.002505 0.0823649 3.13265 0.000519575
2.8 0.002505 0.0823117 3.13265 0.000393669
2.85 0.002505 0.0822707 3.13265 0.000296786
2.9 0.002505 0.0822393 3.13265 0.00022263
2.95 0.002505 0.0822153 3.13265 0.00016617
3 0.002505 0.0821972 3.13265 0.00012341
3.05 0.002505 0.0821835 3.13265 9.1196e-005
3.1 0.002505 0.0821732 3.13265 6.70548e-005
3.15 0.002505 0.0821655 3.13265 4.90584e-005
3.2 0.002505 0.0821598 3.13265 3.57128e-005
3.25 0.002505 0.0821556 3.13265 2.58681e-005
3.3 0.002505 0.0821525 3.13265 1.86437e-005
3.35 0.002505 0.0821502 3.13265 1.337e-005
3.4 0.002505 0.0821485 3.13265 9.54016e-006
3.45 0.002505 0.0821473 3.13265 6.77345e-006
3.5 0.002505 0.0821465 3.13265 4.78512e-006
3.55 0.002505 0.0821459 3.13265 3.3636e-006
3.6 0.002505 0.0821454 3.13265 2.35258e-006
3.65 0.002505 0.0821451 3.13265 1.63724e-006
3.7 0.002505 0.0821449 3.13265 1.13373e-006
3.75 0.002505 0.0821447 3.13265 7.81149e-007
3.8 0.002505 0.0821446 3.13265 5.35535e-007
3.85 0.002505 0.0821446 3.13265 3.65317e-007
3.9 0.002505 0.0821445 3.13265 2.4796e-007
3.95 0.002505 0.0821445 3.13265 1.67464e-007
4 0.002505 0.0821445 3.13265 1.12535e-007
4.05 0.002505 0.0821444 3.13265 7.52462e-008
4.1 0.002505 0.0821444 3.13265 5.00622e-008
4.15 0.002505 0.0821444 3.13265 3.31408e-008
4.2 0.002505 0.0821444 3.13265 2.18296e-008
4.25 0.002505 0.0821444 3.13265 1.43072e-008
4.3 0.002505 0.0821444 3.13265 9.33029e-009
4.35 0.002505 0.0821444 3.13265 6.05428e-009
4.4 0.002505 0.0821444 3.13265 3.90894e-009
4.45 0.002505 0.0821444 3.13265 2.51121e-009
4.5 0.002505 0.0821444 3.13265 1.60523e-009
4.55 0.002505 0.0821444 3.13265 1.02098e-009
4.6 0.002505 0.0821444 3.13265 6.46143e-010
4.65 0.002505 0.0821444 3.13265 4.06881e-010
4.7 0.002505 0.0821444 3.13265 2.54938e-010
4.75 0.002505 0.0821444 3.13265 1.58939e-010
4.8 0.002505 0.0821444 3.13265 9.85951e-011
4.85 0.002505 0.0821444 3.13265 6.08567e-011
4.9 0.002505 0.0821444 3.13265 3.73757e-011
4.95 0.002505 0.0821444 3.13265 2.28402e-011

0 0.003005 0.490469 3.13158 1
0.05 0.003005 0.489461 3.13158 0.997503
0.1 0.003005 0.486437 3.13118 0.99005
0.15 0.003005 0.481445 3.13106 0.977751
0.2 0.003005 0.474559 3.13106 0.960789
0.25 0.003005 0.46588 3.13108 0.939413
0.3 0.003005 0.455532 3.13111 0.913931
0.35 0.003005 0.443663 3.13114 0.884706
0.4 0.003005 0.430435 3.13118 0.852144
0.45 0.003005 0.416028 3.13122 0.816686
0.5 0.003005 0.40063 3.13126 0.778801
0.55 0.003005 0.384436 3.1313 0.738968
0.6 0.003005 0.367643 3.13135 0.697676
0.65 0.003005 0.350447 3.1314 0.655406
0.7 0.003005 0.333036 3.13144 0.612626
0.75 0.003005 0.315592 3.13149 0.569783
0.8 0.003005 0.298283 3.13153 0.527292
0.85 0.003005 0.281267 3.13158 0.485537
0.9 0.003005 0.26468 3.13162 0.444858
0.95 0.003005 0.248646 3.13166 0.405555
1 0.003005 0.233267 3.1317 0.367879
1.05 0.003005 0.218629 3.13174 0.33204
1.1 0.003005 0.204798 3.13177 0.298197
1.15 0.003005 0.191822 3.13181 0.266468
1.2 0.003005 0.179733 3.13184 0.236928
1.25 0.003005 0.168546 3.13186 0.209611
1.3 0.003005 0.158263 3.13189 0.18452
1.35 0.003005 0.148871 3.13191 0.161621
1.4 0.003005 0.140348 3.13194 0.140858
1.45 0.003005 0.132662 3.13196 0.122151
1.5 0.003005 0.125774 3.13198 0.105399
1.55 0.003005 0.119639 3.13199 0.0904914
1.6 0.003005 0.114207 3.13201 0.0773047
1.65 0.003005 0.109426 3.13202 0.0657103
1.7 0.003005 0.105244 3.13204 0.0555762
1.75 0.003005 0.101605 3.13205 0.0467706
1.8 0.003005 0.0984594 3.13205 0.0391639
1.85 0.003005 0.0957544 3.13206 0.0326308
1.9 0.003005 0.093442 3.13206 0.0270518
1.95 0.003005 0.0914763 3.13206 0.0223149
2 0.003005 0.0898148 3.13205 0.0183156
2.05 0.003005 0.0884183 3.13204 0.0149581
2.1 0.003005 0.087251 3.13201 0.0121552
2.15 0.003005 0.0862807 3.13198 0.00982819
2.2 0.003005 0.0854786 3.13194 0.00790705
2.25 0.003005 0.0848191 3.13187 0.00632972
2.3 0.003005 0.08428 3.13179 0.00504176
2.35 0.003005 0.0838415 3.13168 0.00399585
2.4 0.003005 0.0834869 3.13154 0.00315111
2.45 0.003005 0.0832017 3.13135 0.00247256
2.5 0.003005 0.0829735 3.13112 0.00193045
2.55 0.003005 0.0827919 3.13112 0.00149969
2.6 0.003005 0.0826481 3.13112 0.00115923
2.65 0.003005 0.0825349 3.13112 0.000891594
2.7 0.003005 0.0824462 3.13112 0.000682328
2.75 0.003005 0.0823772 3.13112 0.000519575
2.8 0.003005 0.0823236 3.13112 0.000393669
2.85 0.003005 0.0822824 3.13112 0.000296786
2.9 0.003005 0.0822508 3.13112 0.00022263
2.95 0.003005 0.0822266 3.13112 0.00016617
3 0.003005 0.0822083 3.13112 0.00012341
3.05 0.003005 0.0821945 3.13112 9.1196e-005
3.1 0.003005 0.0821842 3.13112 6.70548e-005
3.15 0.003005 0.0821764 3.13112 4.90584e-005
3.2 0.003005 0.0821707 3.13112 3.57128e-005
3.25 0.003005 0.0821664 3.13112 2.58681e-005
3.3 0.003005 0.0821633 3.13112 1.86437e-005
3.35 0.003005 0.082161 3.13112 1.337e-005
3.4 0.003005 0.0821593 3.13112 9.54016e-006
3.45 0.003005 0.0821581 3.13112 6.77345e-006
3.5 0.003005 0.0821572 3.13112 4.78512e-006
3.55 0.003005 0.0821566 3.13112 3.3636e-006
3.6 0.003005 0.0821562 3.13112 2.35258e-006
3.65 0.003005 0.0821559 3.13112 1.63724e-006
3.7 0.003005 0.0821556 3.13112 1.13373e-006
3.75 0.003005 0.0821555 3.13112 7.81149e-007
3.8 0.003005 0.0821554 3.13112 5.35535e-007
3.85 0.003005 0.0821553 3.13112 3.65317e-007
3.9 0.003005 0.0821553 3.13112 2.4796e-007
3.95 0.003005 0.0821552 3.13112 1.67464e-007
4 0.003005 0.0821552 3.13112 1.12535e-007
4.05 0.003005 0.0821552 3.13112 7.52462e-008
4.1 0.003005 0.0821552 3.13112 5.00622e-008
4.15 0.003005 0.0821552 3.13112 3.31408e-008
4.2 0.003005 0.0821552 3.13112 2.18296e-008
4.25 0.003005 0.0821552 3.13112 1.43072e-008
4.3 0.003005 0.0821551 3.13112 9.33029e-009
4.35 0.003005 0.0821551 3.13112 6.05428e-009
4.4 0.003005 0.0821551 3.13112 3.90894e-009
4.45 0.003005 0.0821551 3.13112 2.51121e-009
4.5 0.003005 0.0821551 3.13112 1.60523e-009
4.55 0.003005 0.0821551 3.13112 1.02098e-009
4.6 0.003005 0.0821551 3.13112 6.46143e-010
4.65 0.003005 0.0821551 3.13112 4.06881e-010
4.7 0.003005 0.0821551 3.13112 2.54938e-010
4.75 0.003005 0.0821551 3.13112 1.58939e-010
4.8 0.003005 0.0821551 3.13112 9.85951e-011
4.85 0.003005 0.0821551 3.13112 6.08567e-011
4.9 0.003005 0.0821551 3.13112 3.73757e-011
4.95 0.003005 0.0821551 3.13112 2.28402e-011

0 0.003505 0.490128 3.13028 1
0.05 0.003505 0.489122 3.13028 0.997503
0.1 0.003505 0.486103 3.12974 0.99005
0.15 0.003505 0.48112 3.12957 0.977751
0.2 0.003505 0.474247 3.12954 0.960789
0.25 0.003505 0.465584 3.12956 0.939413
0.3 0.003505 0.455255 3.12959 0.913931
0.35 0.003505 0.443406 3.12962 0.884706
0.4 0.003505 0.430201 3.12966 0.852144
0.45 0.003505 0.415818 3.1297 0.816686
0.5 0.003505 0.400445 3.12974 0.778801
0.55 0.003505 0.384277 3.12978 0.738968
0.6 0.003505 0.367509 3.12983 0.697676
0.65 0.003505 0.350338 3.12988 0.655406
0.7 0.003505 0.332951 3.12992 0.612626
0.75 0.003505 0.31553 3.12997 0.569783
0.8 0.003505 0.298244 3.13001 0.527292
0.85 0.003505 0.281247 3.13006 0.485537
0.9 0.003505 0.264679 3.1301 0.444858
0.95 0.003505 0.248661 3.13014 0.405555
1 0.003505 0.233297 3.13018 0.367879
1.05 0.003505 0.218671 3.13022 0.33204
1.1 0.003505 0.204849 3.13025 0.298197
1.15 0.003505 0.191881 3.13029 0.266468
1.2 0.003505 0.179798 3.13032 0.236928
1.25 0.003505 0.168616 3.13034 0.209611
1.3 0.003505 0.158335 3.13037 0.18452
1.35 0.003505 0.148944 3.13039 0.161621
1.4 0.003505 0.140421 3.13042 0.140858
1.45 0.003505 0.132734 3.13044 0.122151
1.5 0.003505 0.125844 3.13045 0.105399
1.55 0.003505 0.119706 3.13047 0.0904914
1.6 0.003505 0.114271 3.13049 0.0773047
1.65 0.003505 0.109487 3.1305 0.0657103
1.7 0.003505 0.1053 3.13051 0.0555762
1.75 0.003505 0.101658 3.13052 0.0467706
1.8 0.003505 0.0985082 3.13053 0.0391639
1.85 0.003505 0.0957994 3.13054 0.0326308
1.9 0.003505 0.0934832 3.13054 0.0270518
1.95 0.003505 0.091514 3.13054 0.0223149
2 0.003505 0.0898492 3.13053 0.0183156
2.05 0.003505 0.0884496 3.13052 0.0149581
2.1 0.003505 0.0872795 3.13049 0.0121552
2.15 0.003505 0.0863067 3.13046 0.00982819
2.2 0.003505 0.0855023 3.13041 0.00790705
2.25 0.003505 0.0848409 3.13035 0.00632972
2.3 0.003505 0.0843 3.13027 0.00504176
2.35 0.003505 0.08386 3.13016 0.00399585
2.4 0.003505 0.0835041 3.13001 0.00315111
2.45 0.003505 0.0832177 3.12983 0.00247256
2.5 0.003505 0.0829886 3.12959 0.00193045
2.55 0.003505 0.0828061 3.12959 0.00149969
2.6 0.003505 0.0826617 3.12959 0.00115923
2.65 0.003505 0.0825479 3.12959 0.000891594
2.7 0.003505 0.0824588 3.12959 0.000682328
2.75 0.003505 0.0823894 3.12959 0.000519575
2.8 0.003505 0.0823355 3.12959 0.000393669
2.85 0.003505 0.082294 3.12959 0.000296786
2.9 0.003505 0.0822622 3.12959 0.00022263
2.95 0.003505 0.0822379 3.12959 0.00016617
3 0.003505 0.0822195 3.12959 0.00012341
3.05 0.003505 0.0822056 3.12959 9.1196e-005
3.1 0.003505 0.0821951 3.12959 6.70548e-005
3.15 0.003505 0.0821873 3.12959 4.90584e-005
3.2 0.003505 0.0821815 3.12959 3.57128e-005
3.25 0.003505 0.0821772 3.12959 2.58681e-005
3.3 0.003505 0.0821741 3.12959 1.86437e-005
3.35 0.003505 0.0821718 3.12959 1.337e-005
3.4 0.003505 0.0821701 3.12959 9.54016e-006
3.45 0.003505 0.0821689 3.12959 6.77345e-006
3.5 0.003505 0.082168 3.12959 4.78512e-006
3.55 0.003505 0.0821674 3.12959 3.3636e-006
3.6 0.003505 0.0821669 3.12959 2.35258e-006
3.65 0.003505 0.0821666 3.12959 1.63724e-006
3.7 0.003505 0.0821664 3.12959 1.13373e-006
3.75 0.003505 0.0821662 3.12959 7.81149e-007
3.8 0.003505 0.0821661 3.12959 5.35535e-007
3.85 0.003505 0.082166 3.12959 3.65317e-007
3.9 0.003505 0.082166 3.12959 2.4796e-007
3.95 0.003505 0.0821659 3.12959 1.67464e-007
4 0.003505 0.0821659 3.12959 1.12535e-007
4.05 0.003505 0.0821659 3.12959 7.52462e-008
4.1 0.003505 0.0821659 3.12959 5.00622e-008
4.15 0.003505 0.0821659 3.12959 3.31408e-008
4.2 0.003505 0.0821659 3.12959 2.18296e-008
4.25 0.003505 0.0821659 3.12959 1.43072e-008
4.3 0.003505 0.0821659 3.12959 9.33029e-009
4.35 0.003505 0.0821659 3.12959 6.05428e-009
4.4 0.003505 0.0821659 3.12959 3.90894e-009
4.45 0.003505 0.0821659 3.12959 2.51121e-009
4.5 0.003505 0.0821659 3.12959 1.60523e-009
4.55 0.003505 0.0821659 3.12959 1.02098e-009
4.6 0.003505 0.0821659 3.12959 6.46143e-010
4.65 0.003505 0.0821659 3.12959 4.06881e-010
4.7 0.003505 0.0821659 3.12959 2.54938e-010
4.75 0.003505 0.0821659 3.12959 1.58939e-010
4.8 0.003505 0.0821659 3.12959 9.85951e-011
4.85 0.003505 0.0821659 3.12959 6.08567e-011
4.9 0.003505 0.0821659 3.12959 3.73757e-011
4.95 0.003505 0.0821659 3.12959 2.28402e-011

0 0.004005 0.489787 3.12901 1
0.05 0.004005 0.488783 3.12901 0.997503
0.1 0.004005 0.48577 3.12833 0.99005
0.15 0.004005 0.480797 3.12808 0.977751
0.2 0.004005 0.473936 3.12804 0.960789
0.25 0.004005 0.465288 3.12805 0.939413
0.3 0.004005 0.454978 3.12807 0.913931
0.35 0.004005 0.443149 3.12811 0.884706
0.4 0.004005 0.429967 3.12814 0.852144
0.45 0.004005 0.415608 3.12818 0.816686
0.5 0.004005 0.40026 3.12823 0.778801
0.55 0.004005 0.384117 3.12827 0.738968
0.6 0.004005 0.367375 3.12832 0.697676
0.65 0.004005 0.350229 3.12836 0.655406
0.7 0.004005 0.332867 3.12841 0.612626
0.75 0.004005 0.315469 3.12846 0.569783
0.8 0.004005 0.298205 3.1285 0.527292
0.85 0.004005 0.281228 3.12855 0.485537
0.9 0.004005 0.264678 3.12859 0.444858
0.95 0.004005 0.248676 3.12863 0.405555
1 0.004005 0.233326 3.12867 0.367879
1.05 0.004005 0.218712 3.12871 0.33204
1.1 0.004005 0.2049 3.12874 0.298197
1.15 0.004005 0.19194 3.12877 0.266468
1.2 0.004005 0.179863 3.1288 0.236928
1.25 0.004005 0.168685 3.12883 0.209611
1.3 0.004005 0.158406 3.12886 0.18452
1.35 0.004005 0.149017 3.12888 0.161621
1.4 0.004005 0.140494 3.1289 0.140858
1.45 0.004005 0.132806 3.12892 0.122151
1.5 0.004005 0.125914 3.12894 0.105399
1.55 0.004005 0.119773 3.12896 0.0904914
1.6 0.004005 0.114335 3.12897 0.0773047
1.65 0.004005 0.109547 3.12899 0.0657103
1.7 0.004005 0.105357 3.129 0.0555762
1.75 0.004005 0.101711 3.12901 0.0467706
1.8 0.004005 0.0985569 3.12902 0.0391639
1.85 0.004005 0.0958443 3.12902 0.0326308
1.9 0.004005 0.0935244 3.12902 0.0270518
1.95 0.004005 0.0915517 3.12902 0.0223149
2 0.004005 0.0898836 3.12901 0.0183156
2.05 0.004005 0.0884809 3.129 0.0149581
2.1 0.004005 0.087308 3.12898 0.0121552
2.15 0.004005 0.0863327 3.12895 0.00982819
2.2 0.004005 0.085526 3.1289 0.00790705
2.25 0.004005 0.0848626 3.12884 0.00632972
2.3 0.004005 0.0843199 3.12875 0.00504176
2.35 0.004005 0.0838785 3.12864 0.00399585
2.4 0.004005 0.0835212 3.1285 0.00315111
2.45 0.004005 0.0832338 3.12832 0.00247256
2.5 0.004005 0.0830037 3.12808 0.00193045
2.55 0.004005 0.0828204 3.12808 0.00149969
2.6 0.004005 0.0826753 3.12808 0.00115923
2.65 0.004005 0.082561 3.12808 0.000891594
2.7 0.004005 0.0824714 3.12808 0.000682328
2.75 0.004005 0.0824015 3.12808 0.000519575
2.8 0.004005 0.0823474 3.12808 0.000393669
2.85 0.004005 0.0823057 3.12808 0.000296786
2.9 0.004005 0.0822736 3.12808 0.00022263
2.95 0.004005 0.0822492 3.12808 0.00016617
3 0.004005 0.0822306 3.12808 0.00012341
3.05 0.004005 0.0822166 3.12808 9.1196e-005
3.1 0.004005 0.0822061 3.12808 6.70548e-005
3.15 0.004005 0.0821982 3.12808 4.90584e-005
3.2 0.004005 0.0821924 3.12808 3.57128e-005
3.25 0.004005 0.0821881 3.12808 2.58681e-005
3.3 0.004005 0.0821849 3.12808 1.86437e-005
3.35 0.004005 0.0821825 3.12808 1.337e-005
3.4 0.004005 0.0821808 3.12808 9.54016e-006
3.45 0.004005 0.0821796 3.12808 6.77345e-006
3.5 0.004005 0.0821787 3.12808 4.78512e-006
3.55 0.004005 0.0821781 3.12808 3.3636e-006
3.6 0.004005 0.0821776 3.12808 2.35258e-006
3.65 0.004005 0.0821773 3.12808 1.63724e-006
3.7 0.004005 0.0821771 3.12808 1.13373e-006
3.75 0.004005 0.0821769 3.12808 7.81149e-007
3.8 0.004005 0.0821768 3.12808 5.35535e-007
3.85 0.004005 0.0821767 3.12808 3.65317e-007
3.9 0.004005 0.0821767 3.12808 2.4796e-007
3.95 0.004005 0.0821767 3.12808 1.67464e-007
4 0.004005 0.0821766 3.12808 1.12535e-007
4.05 0.004005 0.0821766 3.12808 7.52462e-008
4.1 0.004005 0.0821766 3.12808 5.00622e-008
4.15 0.004005 0.0821766 3.12808 3.31408e-008
4.2 0.004005 0.0821766 3.12808 2.18296e-008
4.25 0.004005 0.0821766 3.12808 1.43072e-008
4.3 0.004005 0.0821766 3.12808 9.33029e-009
4.35 0.004005 0.0821766 3.12808 6.05428e-009
4.4 0.004005 0.0821766 3.12808 3.90894e-009
4.45 0.004005 0.0821766 3.12808 2.51121e-009
4.5 0.004005 0.0821766 3.12808 1.60523e-009
4.55 0.004005 0.0821766 3.12808 1.02098e-009
4.6 0.004005 0.0821766 3.12808 6.46143e-010
4.65 0.004005 0.0821766 3.12808 4.06881e-010
4.7 0.004005 0.0821766 3.12808 2.54938e-010
4.75 0.004005 0.0821766 3.12808 1.58939e-010
4.8 0.004005 0.0821766 3.12808 9.85951e-011
4.85 0.004005 0.0821766 3.12808 6.08567e-011
4.9 0.004005 0.0821766 3.12808 3.73757e-011
4.95 0.004005 0.0821766 3.12808 2.28402e-011

0 0.004505 0.489448 3.12777 1
0.05 0.004505 0.488445 3.12777 0.997503
0.1 0.004505 0.485438 3.12695 0.99005
0.15 0.004505 0.480474 3.12661 0.977751
0.2 0.004505 0.473625 3.12654 0.960789
0.25 0.004505 0.464993 3.12655 0.939413
0.3 0.004505 0.454701 3.12657 0.913931
0.35 0.004505 0.442893 3.1266 0.884706
0.4 0.004505 0.429733 3.12664 0.852144
0.45 0.004505 0.415398 3.12668 0.816686
0.5 0.004505 0.400075 3.12672 0.778801
0.55 0.004505 0.383958 3.12677 0.738968
0.6 0.004505 0.367242 3.12681 0.697676
0.65 0.004505 0.35012 3.12686 0.655406
0.7 0.004505 0.332782 3.12691 0.612626
0.75 0.004505 0.315408 3.12695 0.569783
0.8 0.004505 0.298165 3.127 0.527292
0.85 0.004505 0.281209 3.12704 0.485537
0.9 0.004505 0.264677 3.12708 0.444858
0.95 0.004505 0.248691 3.12713 0.405555
1 0.004505 0.233355 3.12716 0.367879
1.05 0.004505 0.218753 3.1272 0.33204
1.1 0.004505 0.204951 3.12724 0.298197
1.15 0.004505 0.191999 3.12727 0.266468
1.2 0.004505 0.179928 3.1273 0.236928
1.25 0.004505 0.168754 3.12733 0.209611
1.3 0.004505 0.158478 3.12735 0.18452
1.35 0.004505 0.14909 3.12737 0.161621
1.4 0.004505 0.140567 3.1274 0.140858
1.45 0.004505 0.132878 3.12742 0.122151
1.5 0.004505 0.125984 3.12743 0.105399
1.55 0.004505 0.11984 3.12745 0.0904914
1.6 0.004505 0.114399 3.12747 0.0773047
1.65 0.004505 0.109607 3.12748 0.0657103
1.7 0.004505 0.105413 3.12749 0.0555762
1.75 0.004505 0.101764 3.1275 0.0467706
1.8 0.004505 0.0986057 3.12751 0.0391639
1.85 0.004505 0.0958892 3.12752 0.0326308
1.9 0.004505 0.0935656 3.12752 0.0270518
1.95 0.004505 0.0915894 3.12752 0.0223149
2 0.004505 0.0899179 3.12751 0.0183156
2.05 0.004505 0.0885122 3.12749 0.0149581
2.1 0.004505 0.0873365 3.12747 0.0121552
2.15 0.004505 0.0863587 3.12744 0.00982819
2.2 0.004505 0.0855498 3.12739 0.00790705
2.25 0.004505 0.0848844 3.12733 0.00632972
2.3 0.004505 0.0843399 3.12725 0.00504176
2.35 0.004505 0.0838969 3.12714 0.00399585
2.4 0.004505 0.0835384 3.12699 0.00315111
2.45 0.004505 0.0832498 3.12681 0.00247256
2.5 0.004505 0.0830187 3.12657 0.00193045
2.55 0.004505 0.0828347 3.12657 0.00149969
2.6 0.004505 0.0826889 3.12657 0.00115923
2.65 0.004505 0.082574 3.12657 0.000891594
2.7 0.004505 0.0824839 3.12657 0.000682328
2.75 0.004505 0.0824137 3.12657 0.000519575
2.8 0.004505 0.0823593 3.12657 0.000393669
2.85 0.004505 0.0823173 3.12657 0.000296786
2.9 0.004505 0.082285 3.12657 0.00022263
2.95 0.004505 0.0822604 3.12657 0.00016617
3 0.004505 0.0822418 3.12657 0.00012341
3.05 0.004505 0.0822276 3.12657 9.1196e-005
3.1 0.004505 0.082217 3.12657 6.70548e-005
3.15 0.004505 0.0822091 3.12657 4.90584e-005
3.2 0.004505 0.0822032 3.12657 3.57128e-005
3.25 0.004505 0.0821989 3.12657 2.58681e-005
3.3 0.004505 0.0821956 3.12657 1.86437e-005
3.35 0.004505 0.0821933 3.12657 1.337e-005
3.4 0.004505 0.0821916 3.12657 9.54016e-006
3.45 0.004505 0.0821903 3.12657 6.77345e-006
3.5 0.004505 0.0821894 3.12657 4.78512e-006
3.55 0.004505 0.0821888 3.12657 3.3636e-006
3.6 0.004505 0.0821883 3.12657 2.35258e-006
3.65 0.004505 0.082188 3.12657 1.63724e-006
3.7 0.004505 0.0821878 3.12657 1.13373e-006
3.75 0.004505 0.0821876 3.12657 7.81149e-007
3.8 0.004505 0.0821875 3.12657 5.35535e-007
3.85 0.004505 0.0821874 3.12657 3.65317e-007
3.9 0.004505 0.0821874 3.12657 2.4796e-007
3.95 0.004505 0.0821873 3.12657 1.67464e-007
4 0.004505 0.0821873 3.12657 1.12535e-007
4.05 0.004505 0.0821873 3.12657 7.52462e-008
4.1 0.004505 0.0821873 3.12657 5.00622e-008
4.15 0.004505 0.0821873 3.12657 3.31408e-008
4.2 0.004505 0.0821873 3.12657 2.18296e-008
4.25 0.004505 0.0821873 3.12657 1.43072e-008
4.3 0.004505 0.0821873 3.12657 9.33029e-009
4.35 0.004505 0.0821873 3.12657 6.05428e-009
4.4 0.004505 0.0821873 3.12657 3.90894e-009
4.45 0.004505 0.0821873 3.12657 2.51121e-009
4.5 0.004505 0.0821873 3.12657 1.60523e-009
4.55 0.004505 0.0821873 3.12657 1.02098e-009
4.6 0.004505 0.0821873 3.12657 6.46143e-010
4.65 0.004505 0.0821873 3.12657 4.06881e-010
4.7 0.004505 0.0821873 3.12657 2.54938e-010
4.75 0.004505 0.0821873 3.12657 1.58939e-010
4.8 0.004505 0.0821873 3.12657 9.85951e-011
4.85 0.004505 0.0821873 3.12657 6.08567e-011
4.9 0.004505 0.0821873 3.12657 3.73757e-011
4.95 0.004505 0.0821873 3.12657 2.28402e-011

