0 0 0.306753
0.1 0 0.301955
0.2 0 0.297157
0.3 0 0.285161
0.4 0 0.269344
0.5 0 0.250569
0.6 0 0.229802
0.7 0 0.208029
0.8 0 0.186184
0.9 0 0.165082
1 0 0.145375
1.1 0 0.127537
1.2 0 0.111852
1.3 0 0.098436
1.4 0 0.0872589
1.5 0 0.0781814
1.6 0 0.0709893
1.7 0 0.0654268
1.8 0 0.0612253
1.9 0 0.0581246
2 0 0.0558881
2.1 0 0.054311
2.2 0 0.0532235
2.3 0 0.05249
2.4 0 0.052006
2.5 0 0.0516935
2.6 0 0.051496
2.7 0 0.0513739
2.8 0 0.0513
2.9 0 0.0512562
3 0 0.0512308
3.1 0 0.0512164
3.2 0 0.0512084
3.3 0 0.051204
3.4 0 0.0512017
3.5 0 0.0512005
3.6 0 0.0511999
3.7 0 0.0511995
3.8 0 0.0511994
3.9 0 0.0511993
4 0 0.0511993
4.1 0 0.0511993
4.2 0 0.0511993
4.3 0 0.0511993
4.4 0 0.0511993
4.5 0 0.0511992
4.6 0 0.0511992
4.7 0 0.0511992
4.8 0 0.0511992
4.9 0 0.0511992
5 0 0.0511992
5.1 0 0.0511992
5.2 0 0.0511992
5.3 0 0.0511992
5.4 0 0.0511992
5.5 0 0.0511992
5.6 0 0.0511992
5.7 0 0.0511992
5.8 0 0.0511992
5.9 0 0.0511992
6 0 0.0511992
6.1 0 0.0511992
6.2 0 0.0511992
6.3 0 0.0511992
6.4 0 0.0511992
6.5 0 0.0511992
6.6 0 0.0511992
6.7 0 0.0511992
6.8 0 0.0511992
6.9 0 0.0511992
7 0 0.0511992
7.1 0 0.0511992
7.2 0 0.0511992
7.3 0 0.0511992
7.4 0 0.0511992
7.5 0 0.0511992
7.6 0 0.0511992
7.7 0 0.0511992
7.8 0 0.0511992
7.9 0 0.0511992
8 0 0.0511992
8.1 0 0.0511992
8.2 0 0.0511992
8.3 0 0.0511992
8.4 0 0.0511992
8.5 0 0.0511992
8.6 0 0.0511992
8.7 0 0.0511992
8.8 0 0.0511992
8.9 0 0.0511992
9 0 0.0511992
9.1 0 0.0511992
9.2 0 0.0511992
9.3 0 0.0511992
9.4 0 0.0511992
9.5 0 0.0511992
9.6 0 0.0511992
9.7 0 0.0511992
9.8 0 0.0511992