0 0.872407
0.25 0.878842
0.5 0.885277
0.75 0.901365
1 0.921443
1.25 0.941201
1.5 0.958102
1.75 0.971259
2 0.980846
2.25 0.98751
2.5 0.991988
2.75 0.994923
3 0.996814
3.25 0.998015
3.5 0.99877
3.75 0.999241
4 0.999534
4.25 0.999714
4.5 0.999825
4.75 0.999893
5 0.999935
5.25 0.99996
5.5 0.999976
5.75 0.999985
6 0.999991
6.25 0.999995
6.5 0.999997
6.75 0.999998
7 0.999999
7.25 0.999999
7.5 1
7.75 1
8 1
8.25 1
8.5 1
8.75 1
9 1
9.25 1
9.5 1
9.75 1
10 1
10.25 1
10.5 1
10.75 1
11 1
11.25 1
11.5 1
11.75 1
12 1
12.25 1
12.5 1
12.75 1
13 1
13.25 1
13.5 1
13.75 1
14 1
14.25 1
14.5 1
14.75 1
15 1
15.25 1
15.5 1
15.75 1
16 1
16.25 1
16.5 1
16.75 1
17 1
17.25 1
17.5 1
17.75 1
18 1
18.25 1
18.5 1
18.75 1
19 1
19.25 1
19.5 1
19.75 1
20 1
20.25 1
20.5 1
20.75 1
21 1
21.25 1
21.5 1
21.75 1
22 1
22.25 1
22.5 1
22.75 1
23 1
23.25 1
23.5 1
23.75 1
24 1
24.25 1
24.5 1
24.75 1
