0 1.18474
0.00333333 1.12146
0.00666667 1.11796
0.01 1.11448
0.0133333 1.11104
0.0166667 1.10762
0.02 1.10423
0.0233333 1.10086
0.0266667 1.09752
0.03 1.0942
0.0333333 1.09091
0.0366667 1.08764
0.04 1.08439
0.0433333 1.08117
0.0466667 1.07797
0.05 1.0748
0.0533333 1.07164
0.0566667 1.06851
0.06 1.0654
0.0633333 1.06231
0.0666667 1.05924
0.07 1.05619
0.0733333 1.05316
0.0766667 1.05015
0.08 1.04716
0.0833333 1.04419
0.0866667 1.04123
0.09 1.0383
0.0933333 1.03539
0.0966667 1.03249
0.1 1.02961
0.103333 1.02675
0.106667 1.02391
0.11 1.02108
0.113333 1.01827
0.116667 1.01548
0.12 1.0127
0.123333 1.00994
0.126667 1.0072
0.13 1.00447
0.133333 1.00176
0.136667 0.999068
0.14 0.996388
0.143333 0.993723
0.146667 0.991074
0.15 0.988439
0.153333 0.985819
0.156667 0.983214
0.16 0.980623
0.163333 0.978047
0.166667 0.975485
0.17 0.972936
0.173333 0.970402
0.176667 0.967881
0.18 0.965374
0.183333 0.96288
0.186667 0.9604
0.19 0.957933
0.193333 0.955479
0.196667 0.953038
0.2 0.95061
0.203333 0.948194
0.206667 0.945791
0.21 0.943401
0.213333 0.941022
0.216667 0.938657
0.22 0.936303
0.223333 0.933961
0.226667 0.931632
0.23 0.929314
0.233333 0.927008
0.236667 0.924714
0.24 0.922431
0.243333 0.92016
0.246667 0.9179
0.25 0.915651
0.253333 0.913414
0.256667 0.911188
0.26 0.908973
0.263333 0.906769
0.266667 0.904575
0.27 0.902393
0.273333 0.900222
0.276667 0.898061
0.28 0.89591
0.283333 0.893771
0.286667 0.891642
0.29 0.889523
0.293333 0.887414
0.296667 0.885316
0.3 0.883228
0.303333 0.88115
0.306667 0.879083
0.31 0.877025
0.313333 0.874977
0.316667 0.872939
0.32 0.870911
0.323333 0.868893
0.326667 0.866885
0.33 0.864886
0.333333 0.862897
0.336667 0.860917
0.34 0.858947
0.343333 0.856987
0.346667 0.855035
0.35 0.853094
0.353333 0.851161
0.356667 0.849238
0.36 0.847324
0.363333 0.845419
0.366667 0.843524
0.37 0.841637
0.373333 0.83976
0.376667 0.837891
0.38 0.836032
0.383333 0.834181
0.386667 0.832339
0.39 0.830506
0.393333 0.828682
0.396667 0.826867
0.4 0.82506
0.403333 0.823262
0.406667 0.821472
0.41 0.819692
0.413333 0.817919
0.416667 0.816156
0.42 0.8144
0.423333 0.812653
0.426667 0.810915
0.43 0.809185
0.433333 0.807463
0.436667 0.80575
0.44 0.804044
0.443333 0.802347
0.446667 0.800659
0.45 0.798978
0.453333 0.797305
0.456667 0.795641
0.46 0.793984
0.463333 0.792336
0.466667 0.790695
0.47 0.789063
0.473333 0.787438
0.476667 0.785822
0.48 0.784213
0.483333 0.782612
0.486667 0.781019
0.49 0.779433
0.493333 0.777856
0.496667 0.776286
0.5 0.774723
0.503333 0.773169
0.506667 0.771621
0.51 0.770082
0.513333 0.76855
0.516667 0.767026
0.52 0.765509
0.523333 0.763999
0.526667 0.762497
0.53 0.761002
0.533333 0.759515
0.536667 0.758035
0.54 0.756563
0.543333 0.755097
0.546667 0.753639
0.55 0.752188
0.553333 0.750745
0.556667 0.749308
0.56 0.747879
0.563333 0.746457
0.566667 0.745042
0.57 0.743634
0.573333 0.742233
0.576667 0.740839
0.58 0.739452
0.583333 0.738072
0.586667 0.736699
0.59 0.735333
0.593333 0.733974
0.596667 0.732621
0.6 0.731276
0.603333 0.729937
0.606667 0.728605
0.61 0.72728
0.613333 0.725961
0.616667 0.724649
0.62 0.723344
0.623333 0.722046
0.626667 0.720754
0.63 0.719469
0.633333 0.71819
0.636667 0.716918
0.64 0.715652
0.643333 0.714393
0.646667 0.71314
0.65 0.711894
0.653333 0.710654
0.656667 0.709421
0.66 0.708194
0.663333 0.706973
0.666667 0.705759
0.67 0.704551
0.673333 0.703349
0.676667 0.702153
0.68 0.700964
0.683333 0.699781
0.686667 0.698604
0.69 0.697433
0.693333 0.696268
0.696667 0.69511
0.7 0.693957
0.703333 0.692811
0.706667 0.69167
0.71 0.690536
0.713333 0.689407
0.716667 0.688285
0.72 0.687168
0.723333 0.686058
0.726667 0.684953
0.73 0.683854
0.733333 0.682761
0.736667 0.681673
0.74 0.680592
0.743333 0.679516
0.746667 0.678446
0.75 0.677382
0.753333 0.676323
0.756667 0.67527
0.76 0.674223
0.763333 0.673181
0.766667 0.672145
0.77 0.671115
0.773333 0.67009
0.776667 0.66907
0.78 0.668056
0.783333 0.667048
0.786667 0.666045
0.79 0.665047
0.793333 0.664055
0.796667 0.663068
0.8 0.662087
0.803333 0.661111
0.806667 0.66014
0.81 0.659174
0.813333 0.658214
0.816667 0.657259
0.82 0.65631
0.823333 0.655365
0.826667 0.654426
0.83 0.653491
0.833333 0.652562
0.836667 0.651638
0.84 0.65072
0.843333 0.649806
0.846667 0.648897
0.85 0.647993
0.853333 0.647095
0.856667 0.646201
0.86 0.645312
0.863333 0.644428
0.866667 0.643549
0.87 0.642675
0.873333 0.641806
0.876667 0.640942
0.88 0.640082
0.883333 0.639227
0.886667 0.638377
0.89 0.637532
0.893333 0.636692
0.896667 0.635856
0.9 0.635025
0.903333 0.634199
0.906667 0.633377
0.91 0.63256
0.913333 0.631747
0.916667 0.630939
0.92 0.630136
0.923333 0.629337
0.926667 0.628543
0.93 0.627753
0.933333 0.626968
0.936667 0.626187
0.94 0.625411
0.943333 0.624639
0.946667 0.623871
0.95 0.623108
0.953333 0.622349
0.956667 0.621594
0.96 0.620844
0.963333 0.620098
0.966667 0.619356
0.97 0.618619
0.973333 0.617886
0.976667 0.617157
0.98 0.616432
0.983333 0.615711
0.986667 0.614995
0.99 0.614283
0.993333 0.613574
0.996667 0.61287
1 0.61217
1.00333 0.611474
1.00667 0.610782
1.01 0.610094
1.01333 0.60941
1.01667 0.60873
1.02 0.608054
1.02333 0.607381
1.02667 0.606713
1.03 0.606049
1.03333 0.605388
1.03667 0.604732
1.04 0.604079
1.04333 0.60343
1.04667 0.602784
1.05 0.602143
1.05333 0.601505
1.05667 0.600871
1.06 0.600241
1.06333 0.599614
1.06667 0.598992
1.07 0.598372
1.07333 0.597757
1.07667 0.597145
1.08 0.596536
1.08333 0.595932
1.08667 0.59533
1.09 0.594733
1.09333 0.594139
1.09667 0.593548
1.1 0.592961
1.10333 0.592377
1.10667 0.591797
1.11 0.59122
1.11333 0.590647
1.11667 0.590077
1.12 0.589511
1.12333 0.588947
1.12667 0.588388
1.13 0.587831
1.13333 0.587278
1.13667 0.586728
1.14 0.586181
1.14333 0.585638
1.14667 0.585098
1.15 0.584561
1.15333 0.584028
1.15667 0.583497
1.16 0.58297
1.16333 0.582446
1.16667 0.581925
1.17 0.581407
1.17333 0.580892
1.17667 0.580381
1.18 0.579872
1.18333 0.579367
1.18667 0.578864
1.19 0.578365
1.19333 0.577868
1.19667 0.577375
1.2 0.576884
1.20333 0.576397
1.20667 0.575912
1.21 0.575431
1.21333 0.574952
1.21667 0.574476
1.22 0.574003
1.22333 0.573533
1.22667 0.573066
1.23 0.572602
1.23333 0.57214
1.23667 0.571682
1.24 0.571226
1.24333 0.570772
1.24667 0.570322
1.25 0.569874
1.25333 0.569429
1.25667 0.568987
1.26 0.568548
1.26333 0.568111
1.26667 0.567677
1.27 0.567245
1.27333 0.566816
1.27667 0.56639
1.28 0.565966
1.28333 0.565545
1.28667 0.565127
1.29 0.564711
1.29333 0.564298
1.29667 0.563887
1.3 0.563478
1.30333 0.563073
1.30667 0.562669
1.31 0.562269
1.31333 0.56187
1.31667 0.561474
1.32 0.561081
1.32333 0.56069
1.32667 0.560301
1.33 0.559915
1.33333 0.559531
1.33667 0.55915
1.34 0.558771
1.34333 0.558394
1.34667 0.558019
1.35 0.557647
1.35333 0.557277
1.35667 0.55691
1.36 0.556545
1.36333 0.556182
1.36667 0.555821
1.37 0.555462
1.37333 0.555106
1.37667 0.554752
1.38 0.5544
1.38333 0.55405
1.38667 0.553703
1.39 0.553357
1.39333 0.553014
1.39667 0.552673
1.4 0.552334
1.40333 0.551997
1.40667 0.551663
1.41 0.55133
1.41333 0.550999
1.41667 0.550671
1.42 0.550344
1.42333 0.55002
1.42667 0.549698
1.43 0.549377
1.43333 0.549059
1.43667 0.548742
1.44 0.548428
1.44333 0.548116
1.44667 0.547805
1.45 0.547497
1.45333 0.54719
1.45667 0.546885
1.46 0.546583
1.46333 0.546282
1.46667 0.545983
1.47 0.545686
1.47333 0.54539
1.47667 0.545097
1.48 0.544805
1.48333 0.544516
1.48667 0.544228
1.49 0.543942
1.49333 0.543657
1.49667 0.543375
1.5 0.543094
1.50333 0.542815
1.50667 0.542538
1.51 0.542263
1.51333 0.541989
1.51667 0.541717
1.52 0.541447
1.52333 0.541178
1.52667 0.540911
1.53 0.540646
1.53333 0.540383
1.53667 0.540121
1.54 0.539861
1.54333 0.539602
1.54667 0.539345
1.55 0.53909
1.55333 0.538836
1.55667 0.538584
1.56 0.538334
1.56333 0.538085
1.56667 0.537838
1.57 0.537592
1.57333 0.537348
1.57667 0.537105
1.58 0.536864
1.58333 0.536625
1.58667 0.536387
1.59 0.53615
1.59333 0.535915
1.59667 0.535682
1.6 0.53545
1.60333 0.535219
1.60667 0.53499
1.61 0.534763
1.61333 0.534536
1.61667 0.534312
1.62 0.534088
1.62333 0.533867
1.62667 0.533646
1.63 0.533427
1.63333 0.533209
1.63667 0.532993
1.64 0.532778
1.64333 0.532565
1.64667 0.532353
1.65 0.532142
1.65333 0.531932
1.65667 0.531724
1.66 0.531518
1.66333 0.531312
1.66667 0.531108
1.67 0.530905
1.67333 0.530704
1.67667 0.530503
1.68 0.530304
1.68333 0.530107
1.68667 0.52991
1.69 0.529715
1.69333 0.529521
1.69667 0.529329
1.7 0.529137
1.70333 0.528947
1.70667 0.528758
1.71 0.52857
1.71333 0.528384
1.71667 0.528198
1.72 0.528014
1.72333 0.527831
1.72667 0.527649
1.73 0.527468
1.73333 0.527289
1.73667 0.527111
1.74 0.526933
1.74333 0.526757
1.74667 0.526582
1.75 0.526409
1.75333 0.526236
1.75667 0.526064
1.76 0.525894
1.76333 0.525725
1.76667 0.525556
1.77 0.525389
1.77333 0.525223
1.77667 0.525058
1.78 0.524894
1.78333 0.524731
1.78667 0.524569
1.79 0.524408
1.79333 0.524248
1.79667 0.52409
1.8 0.523932
1.80333 0.523775
1.80667 0.523619
1.81 0.523465
1.81333 0.523311
1.81667 0.523158
1.82 0.523007
1.82333 0.522856
1.82667 0.522706
1.83 0.522557
1.83333 0.522409
1.83667 0.522262
1.84 0.522117
1.84333 0.521972
1.84667 0.521827
1.85 0.521684
1.85333 0.521542
1.85667 0.521401
1.86 0.52126
1.86333 0.521121
1.86667 0.520982
1.87 0.520845
1.87333 0.520708
1.87667 0.520572
1.88 0.520437
1.88333 0.520303
1.88667 0.52017
1.89 0.520037
1.89333 0.519906
1.89667 0.519775
1.9 0.519645
1.90333 0.519516
1.90667 0.519388
1.91 0.519261
1.91333 0.519134
1.91667 0.519009
1.92 0.518884
1.92333 0.51876
1.92667 0.518636
1.93 0.518514
1.93333 0.518392
1.93667 0.518272
1.94 0.518151
1.94333 0.518032
1.94667 0.517914
1.95 0.517796
1.95333 0.517679
1.95667 0.517563
1.96 0.517447
1.96333 0.517333
1.96667 0.517219
1.97 0.517105
1.97333 0.516993
1.97667 0.516881
1.98 0.51677
1.98333 0.51666
1.98667 0.51655
1.99 0.516441
1.99333 0.516333
1.99667 0.516226
2 0.516119
2.00333 0.516013
2.00667 0.515907
2.01 0.515803
2.01333 0.515699
2.01667 0.515595
2.02 0.515493
2.02333 0.515391
2.02667 0.515289
2.03 0.515189
2.03333 0.515089
2.03667 0.514989
2.04 0.514891
2.04333 0.514793
2.04667 0.514695
2.05 0.514598
2.05333 0.514502
2.05667 0.514407
2.06 0.514312
2.06333 0.514218
2.06667 0.514124
2.07 0.514031
2.07333 0.513938
2.07667 0.513847
2.08 0.513755
2.08333 0.513665
2.08667 0.513575
2.09 0.513485
2.09333 0.513396
2.09667 0.513308
2.1 0.51322
2.10333 0.513133
2.10667 0.513047
2.11 0.512961
2.11333 0.512875
2.11667 0.51279
2.12 0.512706
2.12333 0.512622
2.12667 0.512539
2.13 0.512456
2.13333 0.512374
2.13667 0.512292
2.14 0.512211
2.14333 0.512131
2.14667 0.512051
2.15 0.511971
2.15333 0.511892
2.15667 0.511814
2.16 0.511736
2.16333 0.511658
2.16667 0.511582
2.17 0.511505
2.17333 0.511429
2.17667 0.511354
2.18 0.511279
2.18333 0.511204
2.18667 0.51113
2.19 0.511057
2.19333 0.510984
2.19667 0.510911
2.2 0.510839
2.20333 0.510768
2.20667 0.510697
2.21 0.510626
2.21333 0.510556
2.21667 0.510486
2.22 0.510417
2.22333 0.510348
2.22667 0.51028
2.23 0.510212
2.23333 0.510145
2.23667 0.510078
2.24 0.510011
2.24333 0.509945
2.24667 0.509879
2.25 0.509814
2.25333 0.509749
2.25667 0.509685
2.26 0.509621
2.26333 0.509557
2.26667 0.509494
2.27 0.509431
2.27333 0.509369
2.27667 0.509307
2.28 0.509246
2.28333 0.509185
2.28667 0.509124
2.29 0.509064
2.29333 0.509004
2.29667 0.508944
2.3 0.508885
2.30333 0.508826
2.30667 0.508768
2.31 0.50871
2.31333 0.508652
2.31667 0.508595
2.32 0.508538
2.32333 0.508482
2.32667 0.508426
2.33 0.50837
2.33333 0.508315
2.33667 0.50826
2.34 0.508205
2.34333 0.508151
2.34667 0.508097
2.35 0.508044
2.35333 0.50799
2.35667 0.507938
2.36 0.507885
2.36333 0.507833
2.36667 0.507781
2.37 0.50773
2.37333 0.507678
2.37667 0.507628
2.38 0.507577
2.38333 0.507527
2.38667 0.507477
2.39 0.507428
2.39333 0.507379
2.39667 0.50733
2.4 0.507281
2.40333 0.507233
2.40667 0.507185
2.41 0.507138
2.41333 0.507091
2.41667 0.507044
2.42 0.506997
2.42333 0.506951
2.42667 0.506905
2.43 0.506859
2.43333 0.506814
2.43667 0.506769
2.44 0.506724
2.44333 0.506679
2.44667 0.506635
2.45 0.506591
2.45333 0.506548
2.45667 0.506504
2.46 0.506461
2.46333 0.506418
2.46667 0.506376
2.47 0.506334
2.47333 0.506292
2.47667 0.50625
2.48 0.506209
2.48333 0.506168
2.48667 0.506127
2.49 0.506086
2.49333 0.506046
2.49667 0.506006
2.5 0.505966
2.50333 0.505927
2.50667 0.505887
2.51 0.505848
2.51333 0.50581
2.51667 0.505771
2.52 0.505733
2.52333 0.505695
2.52667 0.505657
2.53 0.50562
2.53333 0.505583
2.53667 0.505546
2.54 0.505509
2.54333 0.505472
2.54667 0.505436
2.55 0.5054
2.55333 0.505364
2.55667 0.505329
2.56 0.505294
2.56333 0.505258
2.56667 0.505224
2.57 0.505189
2.57333 0.505155
2.57667 0.50512
2.58 0.505087
2.58333 0.505053
2.58667 0.505019
2.59 0.504986
2.59333 0.504953
2.59667 0.50492
2.6 0.504888
2.60333 0.504855
2.60667 0.504823
2.61 0.504791
2.61333 0.504759
2.61667 0.504728
2.62 0.504697
2.62333 0.504665
2.62667 0.504634
2.63 0.504604
2.63333 0.504573
2.63667 0.504543
2.64 0.504513
2.64333 0.504483
2.64667 0.504453
2.65 0.504424
2.65333 0.504394
2.65667 0.504365
2.66 0.504336
2.66333 0.504308
2.66667 0.504279
2.67 0.504251
2.67333 0.504222
2.67667 0.504194
2.68 0.504167
2.68333 0.504139
2.68667 0.504112
2.69 0.504084
2.69333 0.504057
2.69667 0.50403
2.7 0.504004
2.70333 0.503977
2.70667 0.503951
2.71 0.503925
2.71333 0.503899
2.71667 0.503873
2.72 0.503847
2.72333 0.503821
2.72667 0.503796
2.73 0.503771
2.73333 0.503746
2.73667 0.503721
2.74 0.503696
2.74333 0.503672
2.74667 0.503648
2.75 0.503623
2.75333 0.503599
2.75667 0.503575
2.76 0.503552
2.76333 0.503528
2.76667 0.503505
2.77 0.503482
2.77333 0.503458
2.77667 0.503436
2.78 0.503413
2.78333 0.50339
2.78667 0.503368
2.79 0.503345
2.79333 0.503323
2.79667 0.503301
2.8 0.503279
2.80333 0.503257
2.80667 0.503236
2.81 0.503214
2.81333 0.503193
2.81667 0.503172
2.82 0.503151
2.82333 0.50313
2.82667 0.503109
2.83 0.503088
2.83333 0.503068
2.83667 0.503048
2.84 0.503027
2.84333 0.503007
2.84667 0.502987
2.85 0.502968
2.85333 0.502948
2.85667 0.502928
2.86 0.502909
2.86333 0.50289
2.86667 0.50287
2.87 0.502851
2.87333 0.502832
2.87667 0.502814
2.88 0.502795
2.88333 0.502776
2.88667 0.502758
2.89 0.50274
2.89333 0.502722
2.89667 0.502703
2.9 0.502686
2.90333 0.502668
2.90667 0.50265
2.91 0.502632
2.91333 0.502615
2.91667 0.502598
2.92 0.50258
2.92333 0.502563
2.92667 0.502546
2.93 0.502529
2.93333 0.502513
2.93667 0.502496
2.94 0.502479
2.94333 0.502463
2.94667 0.502446
2.95 0.50243
2.95333 0.502414
2.95667 0.502398
2.96 0.502382
2.96333 0.502366
2.96667 0.502351
2.97 0.502335
2.97333 0.50232
2.97667 0.502304
2.98 0.502289
2.98333 0.502274
2.98667 0.502259
2.99 0.502244
2.99333 0.502229
2.99667 0.502214
3 0.502199
3.00333 0.502185
3.00667 0.50217
3.01 0.502156
3.01333 0.502141
3.01667 0.502127
3.02 0.502113
3.02333 0.502099
3.02667 0.502085
3.03 0.502071
3.03333 0.502057
3.03667 0.502044
3.04 0.50203
3.04333 0.502017
3.04667 0.502003
3.05 0.50199
3.05333 0.501977
3.05667 0.501964
3.06 0.501951
3.06333 0.501938
3.06667 0.501925
3.07 0.501912
3.07333 0.501899
3.07667 0.501887
3.08 0.501874
3.08333 0.501862
3.08667 0.501849
3.09 0.501837
3.09333 0.501825
3.09667 0.501813
3.1 0.501801
3.10333 0.501789
3.10667 0.501777
3.11 0.501765
3.11333 0.501753
3.11667 0.501742
3.12 0.50173
3.12333 0.501719
3.12667 0.501707
3.13 0.501696
3.13333 0.501685
3.13667 0.501674
3.14 0.501662
3.14333 0.501651
3.14667 0.50164
3.15 0.501629
3.15333 0.501619
3.15667 0.501608
3.16 0.501597
3.16333 0.501587
3.16667 0.501576
3.17 0.501566
3.17333 0.501555
3.17667 0.501545
3.18 0.501535
3.18333 0.501524
3.18667 0.501514
3.19 0.501504
3.19333 0.501494
3.19667 0.501484
3.2 0.501474
3.20333 0.501465
3.20667 0.501455
3.21 0.501445
3.21333 0.501436
3.21667 0.501426
3.22 0.501417
3.22333 0.501407
3.22667 0.501398
3.23 0.501389
3.23333 0.501379
3.23667 0.50137
3.24 0.501361
3.24333 0.501352
3.24667 0.501343
3.25 0.501334
3.25333 0.501325
3.25667 0.501316
3.26 0.501308
3.26333 0.501299
3.26667 0.50129
3.27 0.501282
3.27333 0.501273
3.27667 0.501265
3.28 0.501256
3.28333 0.501248
3.28667 0.50124
3.29 0.501232
3.29333 0.501223
3.29667 0.501215
3.3 0.501207
3.30333 0.501199
3.30667 0.501191
3.31 0.501183
3.31333 0.501175
3.31667 0.501168
3.32 0.50116
3.32333 0.501152
3.32667 0.501144
3.33 0.501137
3.33333 0.501129
3.33667 0.501122
3.34 0.501114
3.34333 0.501107
3.34667 0.5011
3.35 0.501092
3.35333 0.501085
3.35667 0.501078
3.36 0.501071
3.36333 0.501064
3.36667 0.501056
3.37 0.501049
3.37333 0.501042
3.37667 0.501036
3.38 0.501029
3.38333 0.501022
3.38667 0.501015
3.39 0.501008
3.39333 0.501002
3.39667 0.500995
3.4 0.500988
3.40333 0.500982
3.40667 0.500975
3.41 0.500969
3.41333 0.500962
3.41667 0.500956
3.42 0.50095
3.42333 0.500943
3.42667 0.500937
3.43 0.500931
3.43333 0.500925
3.43667 0.500918
3.44 0.500912
3.44333 0.500906
3.44667 0.5009
3.45 0.500894
3.45333 0.500888
3.45667 0.500882
3.46 0.500876
3.46333 0.500871
3.46667 0.500865
3.47 0.500859
3.47333 0.500853
3.47667 0.500848
3.48 0.500842
3.48333 0.500837
3.48667 0.500831
3.49 0.500825
3.49333 0.50082
3.49667 0.500814
3.5 0.500809
3.50333 0.500804
3.50667 0.500798
3.51 0.500793
3.51333 0.500788
3.51667 0.500783
3.52 0.500777
3.52333 0.500772
3.52667 0.500767
3.53 0.500762
3.53333 0.500757
3.53667 0.500752
3.54 0.500747
3.54333 0.500742
3.54667 0.500737
3.55 0.500732
3.55333 0.500727
3.55667 0.500722
3.56 0.500717
3.56333 0.500713
3.56667 0.500708
3.57 0.500703
3.57333 0.500699
3.57667 0.500694
3.58 0.500689
3.58333 0.500685
3.58667 0.50068
3.59 0.500676
3.59333 0.500671
3.59667 0.500667
3.6 0.500662
3.60333 0.500658
3.60667 0.500653
3.61 0.500649
3.61333 0.500645
3.61667 0.500641
3.62 0.500636
3.62333 0.500632
3.62667 0.500628
3.63 0.500624
3.63333 0.50062
3.63667 0.500615
3.64 0.500611
3.64333 0.500607
3.64667 0.500603
3.65 0.500599
3.65333 0.500595
3.65667 0.500591
3.66 0.500587
3.66333 0.500583
3.66667 0.50058
3.67 0.500576
3.67333 0.500572
3.67667 0.500568
3.68 0.500564
3.68333 0.50056
3.68667 0.500557
3.69 0.500553
3.69333 0.500549
3.69667 0.500546
3.7 0.500542
3.70333 0.500538
3.70667 0.500535
3.71 0.500531
3.71333 0.500528
3.71667 0.500524
3.72 0.500521
3.72333 0.500517
3.72667 0.500514
3.73 0.50051
3.73333 0.500507
3.73667 0.500504
3.74 0.5005
3.74333 0.500497
3.74667 0.500494
3.75 0.50049
3.75333 0.500487
3.75667 0.500484
3.76 0.500481
3.76333 0.500477
3.76667 0.500474
3.77 0.500471
3.77333 0.500468
3.77667 0.500465
3.78 0.500462
3.78333 0.500459
3.78667 0.500456
3.79 0.500453
3.79333 0.50045
3.79667 0.500447
3.8 0.500444
3.80333 0.500441
3.80667 0.500438
3.81 0.500435
3.81333 0.500432
3.81667 0.500429
3.82 0.500426
3.82333 0.500423
3.82667 0.500421
3.83 0.500418
3.83333 0.500415
3.83667 0.500412
3.84 0.500409
3.84333 0.500407
3.84667 0.500404
3.85 0.500401
3.85333 0.500399
3.85667 0.500396
3.86 0.500393
3.86333 0.500391
3.86667 0.500388
3.87 0.500386
3.87333 0.500383
3.87667 0.50038
3.88 0.500378
3.88333 0.500375
3.88667 0.500373
3.89 0.50037
3.89333 0.500368
3.89667 0.500365
3.9 0.500363
3.90333 0.500361
3.90667 0.500358
3.91 0.500356
3.91333 0.500353
3.91667 0.500351
3.92 0.500349
3.92333 0.500346
3.92667 0.500344
3.93 0.500342
3.93333 0.50034
3.93667 0.500337
3.94 0.500335
3.94333 0.500333
3.94667 0.500331
3.95 0.500328
3.95333 0.500326
3.95667 0.500324
3.96 0.500322
3.96333 0.50032
3.96667 0.500318
3.97 0.500316
3.97333 0.500313
3.97667 0.500311
3.98 0.500309
3.98333 0.500307
3.98667 0.500305
3.99 0.500303
3.99333 0.500301
3.99667 0.500299
4 0.500297
4.00333 0.500295
4.00667 0.500293
4.01 0.500291
4.01333 0.500289
4.01667 0.500287
4.02 0.500285
4.02333 0.500283
4.02667 0.500282
4.03 0.50028
4.03333 0.500278
4.03667 0.500276
4.04 0.500274
4.04333 0.500272
4.04667 0.500271
4.05 0.500269
4.05333 0.500267
4.05667 0.500265
4.06 0.500263
4.06333 0.500262
4.06667 0.50026
4.07 0.500258
4.07333 0.500256
4.07667 0.500255
4.08 0.500253
4.08333 0.500251
4.08667 0.50025
4.09 0.500248
4.09333 0.500246
4.09667 0.500245
4.1 0.500243
4.10333 0.500241
4.10667 0.50024
4.11 0.500238
4.11333 0.500237
4.11667 0.500235
4.12 0.500233
4.12333 0.500232
4.12667 0.50023
4.13 0.500229
4.13333 0.500227
4.13667 0.500226
4.14 0.500224
4.14333 0.500223
4.14667 0.500221
4.15 0.50022
4.15333 0.500218
4.15667 0.500217
4.16 0.500215
4.16333 0.500214
4.16667 0.500213
4.17 0.500211
4.17333 0.50021
4.17667 0.500208
4.18 0.500207
4.18333 0.500206
4.18667 0.500204
4.19 0.500203
4.19333 0.500201
4.19667 0.5002
4.2 0.500199
4.20333 0.500197
4.20667 0.500196
4.21 0.500195
4.21333 0.500194
4.21667 0.500192
4.22 0.500191
4.22333 0.50019
4.22667 0.500188
4.23 0.500187
4.23333 0.500186
4.23667 0.500185
4.24 0.500183
4.24333 0.500182
4.24667 0.500181
4.25 0.50018
4.25333 0.500179
4.25667 0.500177
4.26 0.500176
4.26333 0.500175
4.26667 0.500174
4.27 0.500173
4.27333 0.500172
4.27667 0.50017
4.28 0.500169
4.28333 0.500168
4.28667 0.500167
4.29 0.500166
4.29333 0.500165
4.29667 0.500164
4.3 0.500163
4.30333 0.500161
4.30667 0.50016
4.31 0.500159
4.31333 0.500158
4.31667 0.500157
4.32 0.500156
4.32333 0.500155
4.32667 0.500154
4.33 0.500153
4.33333 0.500152
4.33667 0.500151
4.34 0.50015
4.34333 0.500149
4.34667 0.500148
4.35 0.500147
4.35333 0.500146
4.35667 0.500145
4.36 0.500144
4.36333 0.500143
4.36667 0.500142
4.37 0.500141
4.37333 0.50014
4.37667 0.500139
4.38 0.500138
4.38333 0.500137
4.38667 0.500137
4.39 0.500136
4.39333 0.500135
4.39667 0.500134
4.4 0.500133
4.40333 0.500132
4.40667 0.500131
4.41 0.50013
4.41333 0.500129
4.41667 0.500129
4.42 0.500128
4.42333 0.500127
4.42667 0.500126
4.43 0.500125
4.43333 0.500124
4.43667 0.500123
4.44 0.500123
4.44333 0.500122
4.44667 0.500121
4.45 0.50012
4.45333 0.500119
4.45667 0.500119
4.46 0.500118
4.46333 0.500117
4.46667 0.500116
4.47 0.500115
4.47333 0.500115
4.47667 0.500114
4.48 0.500113
4.48333 0.500112
4.48667 0.500112
4.49 0.500111
4.49333 0.50011
4.49667 0.500109
4.5 0.500109
4.50333 0.500108
4.50667 0.500107
4.51 0.500106
4.51333 0.500106
4.51667 0.500105
4.52 0.500104
4.52333 0.500104
4.52667 0.500103
4.53 0.500102
4.53333 0.500102
4.53667 0.500101
4.54 0.5001
4.54333 0.5001
4.54667 0.500099
4.55 0.500098
4.55333 0.500098
4.55667 0.500097
4.56 0.500096
4.56333 0.500096
4.56667 0.500095
4.57 0.500094
4.57333 0.500094
4.57667 0.500093
4.58 0.500092
4.58333 0.500092
4.58667 0.500091
4.59 0.500091
4.59333 0.50009
4.59667 0.500089
4.6 0.500089
4.60333 0.500088
4.60667 0.500088
4.61 0.500087
4.61333 0.500086
4.61667 0.500086
4.62 0.500085
4.62333 0.500085
4.62667 0.500084
4.63 0.500084
4.63333 0.500083
4.63667 0.500082
4.64 0.500082
4.64333 0.500081
4.64667 0.500081
4.65 0.50008
4.65333 0.50008
4.65667 0.500079
4.66 0.500079
4.66333 0.500078
4.66667 0.500078
4.67 0.500077
4.67333 0.500077
4.67667 0.500076
4.68 0.500075
4.68333 0.500075
4.68667 0.500074
4.69 0.500074
4.69333 0.500073
4.69667 0.500073
4.7 0.500072
4.70333 0.500072
4.70667 0.500072
4.71 0.500071
4.71333 0.500071
4.71667 0.50007
4.72 0.50007
4.72333 0.500069
4.72667 0.500069
4.73 0.500068
4.73333 0.500068
4.73667 0.500067
4.74 0.500067
4.74333 0.500066
4.74667 0.500066
4.75 0.500065
4.75333 0.500065
4.75667 0.500065
4.76 0.500064
4.76333 0.500064
4.76667 0.500063
4.77 0.500063
4.77333 0.500062
4.77667 0.500062
4.78 0.500062
4.78333 0.500061
4.78667 0.500061
4.79 0.50006
4.79333 0.50006
4.79667 0.50006
4.8 0.500059
4.80333 0.500059
4.80667 0.500058
4.81 0.500058
4.81333 0.500058
4.81667 0.500057
4.82 0.500057
4.82333 0.500056
4.82667 0.500056
4.83 0.500056
4.83333 0.500055
4.83667 0.500055
4.84 0.500055
4.84333 0.500054
4.84667 0.500054
4.85 0.500053
4.85333 0.500053
4.85667 0.500053
4.86 0.500052
4.86333 0.500052
4.86667 0.500052
4.87 0.500051
4.87333 0.500051
4.87667 0.500051
4.88 0.50005
4.88333 0.50005
4.88667 0.50005
4.89 0.500049
4.89333 0.500049
4.89667 0.500049
4.9 0.500048
4.90333 0.500048
4.90667 0.500048
4.91 0.500047
4.91333 0.500047
4.91667 0.500047
4.92 0.500046
4.92333 0.500046
4.92667 0.500046
4.93 0.500045
4.93333 0.500045
4.93667 0.500045
4.94 0.500044
4.94333 0.500044
4.94667 0.500044
4.95 0.500044
4.95333 0.500043
4.95667 0.500043
4.96 0.500043
4.96333 0.500042
4.96667 0.500042
4.97 0.500042
4.97333 0.500042
4.97667 0.500041
4.98 0.500041
4.98333 0.500041
4.98667 0.50004
4.99 0.50004
4.99333 0.50004
4.99667 0.50004
5 0.500039
5.00333 0.500039
5.00667 0.500039
5.01 0.500039
5.01333 0.500038
5.01667 0.500038
5.02 0.500038
5.02333 0.500037
5.02667 0.500037
5.03 0.500037
5.03333 0.500037
5.03667 0.500036
5.04 0.500036
5.04333 0.500036
5.04667 0.500036
5.05 0.500035
5.05333 0.500035
5.05667 0.500035
5.06 0.500035
5.06333 0.500035
5.06667 0.500034
5.07 0.500034
5.07333 0.500034
5.07667 0.500034
5.08 0.500033
5.08333 0.500033
5.08667 0.500033
5.09 0.500033
5.09333 0.500032
5.09667 0.500032
5.1 0.500032
5.10333 0.500032
5.10667 0.500032
5.11 0.500031
5.11333 0.500031
5.11667 0.500031
5.12 0.500031
5.12333 0.50003
5.12667 0.50003
5.13 0.50003
5.13333 0.50003
5.13667 0.50003
5.14 0.500029
5.14333 0.500029
5.14667 0.500029
5.15 0.500029
5.15333 0.500029
5.15667 0.500028
5.16 0.500028
5.16333 0.500028
5.16667 0.500028
5.17 0.500028
5.17333 0.500027
5.17667 0.500027
5.18 0.500027
5.18333 0.500027
5.18667 0.500027
5.19 0.500027
5.19333 0.500026
5.19667 0.500026
5.2 0.500026
5.20333 0.500026
5.20667 0.500026
5.21 0.500025
5.21333 0.500025
5.21667 0.500025
5.22 0.500025
5.22333 0.500025
5.22667 0.500025
5.23 0.500024
5.23333 0.500024
5.23667 0.500024
5.24 0.500024
5.24333 0.500024
5.24667 0.500024
5.25 0.500023
5.25333 0.500023
5.25667 0.500023
5.26 0.500023
5.26333 0.500023
5.26667 0.500023
5.27 0.500022
5.27333 0.500022
5.27667 0.500022
5.28 0.500022
5.28333 0.500022
5.28667 0.500022
5.29 0.500022
5.29333 0.500021
5.29667 0.500021
5.3 0.500021
5.30333 0.500021
5.30667 0.500021
5.31 0.500021
5.31333 0.500021
5.31667 0.50002
5.32 0.50002
5.32333 0.50002
5.32667 0.50002
5.33 0.50002
5.33333 0.50002
5.33667 0.50002
5.34 0.500019
5.34333 0.500019
5.34667 0.500019
5.35 0.500019
5.35333 0.500019
5.35667 0.500019
5.36 0.500019
5.36333 0.500018
5.36667 0.500018
5.37 0.500018
5.37333 0.500018
5.37667 0.500018
5.38 0.500018
5.38333 0.500018
5.38667 0.500018
5.39 0.500017
5.39333 0.500017
5.39667 0.500017
5.4 0.500017
5.40333 0.500017
5.40667 0.500017
5.41 0.500017
5.41333 0.500017
5.41667 0.500016
5.42 0.500016
5.42333 0.500016
5.42667 0.500016
5.43 0.500016
5.43333 0.500016
5.43667 0.500016
5.44 0.500016
5.44333 0.500016
5.44667 0.500015
5.45 0.500015
5.45333 0.500015
5.45667 0.500015
5.46 0.500015
5.46333 0.500015
5.46667 0.500015
5.47 0.500015
5.47333 0.500015
5.47667 0.500015
5.48 0.500014
5.48333 0.500014
5.48667 0.500014
5.49 0.500014
5.49333 0.500014
5.49667 0.500014
5.5 0.500014
5.50333 0.500014
5.50667 0.500014
5.51 0.500014
5.51333 0.500013
5.51667 0.500013
5.52 0.500013
5.52333 0.500013
5.52667 0.500013
5.53 0.500013
5.53333 0.500013
5.53667 0.500013
5.54 0.500013
5.54333 0.500013
5.54667 0.500012
5.55 0.500012
5.55333 0.500012
5.55667 0.500012
5.56 0.500012
5.56333 0.500012
5.56667 0.500012
5.57 0.500012
5.57333 0.500012
5.57667 0.500012
5.58 0.500012
5.58333 0.500012
5.58667 0.500011
5.59 0.500011
5.59333 0.500011
5.59667 0.500011
5.6 0.500011
5.60333 0.500011
5.60667 0.500011
5.61 0.500011
5.61333 0.500011
5.61667 0.500011
5.62 0.500011
5.62333 0.500011
5.62667 0.50001
5.63 0.50001
5.63333 0.50001
5.63667 0.50001
5.64 0.50001
5.64333 0.50001
5.64667 0.50001
5.65 0.50001
5.65333 0.50001
5.65667 0.50001
5.66 0.50001
5.66333 0.50001
5.66667 0.50001
5.67 0.50001
5.67333 0.500009
5.67667 0.500009
5.68 0.500009
5.68333 0.500009
5.68667 0.500009
5.69 0.500009
5.69333 0.500009
5.69667 0.500009
5.7 0.500009
5.70333 0.500009
5.70667 0.500009
5.71 0.500009
5.71333 0.500009
5.71667 0.500009
5.72 0.500009
5.72333 0.500008
5.72667 0.500008
5.73 0.500008
5.73333 0.500008
5.73667 0.500008
5.74 0.500008
5.74333 0.500008
5.74667 0.500008
5.75 0.500008
5.75333 0.500008
5.75667 0.500008
5.76 0.500008
5.76333 0.500008
5.76667 0.500008
5.77 0.500008
5.77333 0.500008
5.77667 0.500007
5.78 0.500007
5.78333 0.500007
5.78667 0.500007
5.79 0.500007
5.79333 0.500007
5.79667 0.500007
5.8 0.500007
5.80333 0.500007
5.80667 0.500007
5.81 0.500007
5.81333 0.500007
5.81667 0.500007
5.82 0.500007
5.82333 0.500007
5.82667 0.500007
5.83 0.500007
5.83333 0.500007
5.83667 0.500007
5.84 0.500006
5.84333 0.500006
5.84667 0.500006
5.85 0.500006
5.85333 0.500006
5.85667 0.500006
5.86 0.500006
5.86333 0.500006
5.86667 0.500006
5.87 0.500006
5.87333 0.500006
5.87667 0.500006
5.88 0.500006
5.88333 0.500006
5.88667 0.500006
5.89 0.500006
5.89333 0.500006
5.89667 0.500006
5.9 0.500006
5.90333 0.500006
5.90667 0.500006
5.91 0.500005
5.91333 0.500005
5.91667 0.500005
5.92 0.500005
5.92333 0.500005
5.92667 0.500005
5.93 0.500005
5.93333 0.500005
5.93667 0.500005
5.94 0.500005
5.94333 0.500005
5.94667 0.500005
5.95 0.500005
5.95333 0.500005
5.95667 0.500005
5.96 0.500005
5.96333 0.500005
5.96667 0.500005
5.97 0.500005
5.97333 0.500005
5.97667 0.500005
5.98 0.500005
5.98333 0.500005
5.98667 0.500005
5.99 0.500005
5.99333 0.500004
5.99667 0.500004
6 0.500004
6.00333 0.500004
6.00667 0.500004
6.01 0.500004
6.01333 0.500004
6.01667 0.500004
6.02 0.500004
6.02333 0.500004
6.02667 0.500004
6.03 0.500004
6.03333 0.500004
6.03667 0.500004
6.04 0.500004
6.04333 0.500004
6.04667 0.500004
6.05 0.500004
6.05333 0.500004
6.05667 0.500004
6.06 0.500004
6.06333 0.500004
6.06667 0.500004
6.07 0.500004
6.07333 0.500004
6.07667 0.500004
6.08 0.500004
6.08333 0.500004
6.08667 0.500004
6.09 0.500004
6.09333 0.500003
6.09667 0.500003
6.1 0.500003
6.10333 0.500003
6.10667 0.500003
6.11 0.500003
6.11333 0.500003
6.11667 0.500003
6.12 0.500003
6.12333 0.500003
6.12667 0.500003
6.13 0.500003
6.13333 0.500003
6.13667 0.500003
6.14 0.500003
6.14333 0.500003
6.14667 0.500003
6.15 0.500003
6.15333 0.500003
6.15667 0.500003
6.16 0.500003
6.16333 0.500003
6.16667 0.500003
6.17 0.500003
6.17333 0.500003
6.17667 0.500003
6.18 0.500003
6.18333 0.500003
6.18667 0.500003
6.19 0.500003
6.19333 0.500003
6.19667 0.500003
6.2 0.500003
6.20333 0.500003
6.20667 0.500003
6.21 0.500003
6.21333 0.500003
6.21667 0.500002
6.22 0.500002
6.22333 0.500002
6.22667 0.500002
6.23 0.500002
6.23333 0.500002
6.23667 0.500002
6.24 0.500002
6.24333 0.500002
6.24667 0.500002
6.25 0.500002
6.25333 0.500002
6.25667 0.500002
6.26 0.500002
6.26333 0.500002
6.26667 0.500002
6.27 0.500002
6.27333 0.500002
6.27667 0.500002
6.28 0.500002
6.28333 0.500002
6.28667 0.500002
6.29 0.500002
6.29333 0.500002
6.29667 0.500002
6.3 0.500002
6.30333 0.500002
6.30667 0.500002
6.31 0.500002
6.31333 0.500002
6.31667 0.500002
6.32 0.500002
6.32333 0.500002
6.32667 0.500002
6.33 0.500002
6.33333 0.500002
6.33667 0.500002
6.34 0.500002
6.34333 0.500002
6.34667 0.500002
6.35 0.500002
6.35333 0.500002
6.35667 0.500002
6.36 0.500002
6.36333 0.500002
6.36667 0.500002
6.37 0.500002
6.37333 0.500002
6.37667 0.500002
6.38 0.500002
6.38333 0.500001
6.38667 0.500001
6.39 0.500001
6.39333 0.500001
6.39667 0.500001
6.4 0.500001
6.40333 0.500001
6.40667 0.500001
6.41 0.500001
6.41333 0.500001
6.41667 0.500001
6.42 0.500001
6.42333 0.500001
6.42667 0.500001
6.43 0.500001
6.43333 0.500001
6.43667 0.500001
6.44 0.500001
6.44333 0.500001
6.44667 0.500001
6.45 0.500001
6.45333 0.500001
6.45667 0.500001
6.46 0.500001
6.46333 0.500001
6.46667 0.500001
6.47 0.500001
6.47333 0.500001
6.47667 0.500001
6.48 0.500001
6.48333 0.500001
6.48667 0.500001
6.49 0.500001
6.49333 0.500001
6.49667 0.500001
6.5 0.500001
6.50333 0.500001
6.50667 0.500001
6.51 0.500001
6.51333 0.500001
6.51667 0.500001
6.52 0.500001
6.52333 0.500001
6.52667 0.500001
6.53 0.500001
6.53333 0.500001
6.53667 0.500001
6.54 0.500001
6.54333 0.500001
6.54667 0.500001
6.55 0.500001
6.55333 0.500001
6.55667 0.500001
6.56 0.500001
6.56333 0.500001
6.56667 0.500001
6.57 0.500001
6.57333 0.500001
6.57667 0.500001
6.58 0.500001
6.58333 0.500001
6.58667 0.500001
6.59 0.500001
6.59333 0.500001
6.59667 0.500001
6.6 0.500001
6.60333 0.500001
6.60667 0.500001
6.61 0.500001
6.61333 0.500001
6.61667 0.500001
6.62 0.500001
6.62333 0.500001
6.62667 0.500001
6.63 0.500001
6.63333 0.5
6.63667 0.5
6.64 0.5
6.64333 0.5
6.64667 0.5
6.65 0.5
6.65333 0.5
6.65667 0.5
6.66 0.5
6.66333 0.5
6.66667 0.5
6.67 0.5
6.67333 0.5
6.67667 0.5
6.68 0.5
6.68333 0.5
6.68667 0.5
6.69 0.5
6.69333 0.5
6.69667 0.5
6.7 0.5
6.70333 0.5
6.70667 0.5
6.71 0.5
6.71333 0.5
6.71667 0.5
6.72 0.5
6.72333 0.5
6.72667 0.5
6.73 0.5
6.73333 0.5
6.73667 0.5
6.74 0.5
6.74333 0.5
6.74667 0.5
6.75 0.5
6.75333 0.5
6.75667 0.5
6.76 0.5
6.76333 0.5
6.76667 0.5
6.77 0.5
6.77333 0.5
6.77667 0.5
6.78 0.5
6.78333 0.5
6.78667 0.5
6.79 0.5
6.79333 0.5
6.79667 0.5
6.8 0.5
6.80333 0.5
6.80667 0.5
6.81 0.5
6.81333 0.5
6.81667 0.5
6.82 0.5
6.82333 0.5
6.82667 0.5
6.83 0.5
6.83333 0.5
6.83667 0.5
6.84 0.5
6.84333 0.5
6.84667 0.5
6.85 0.5
6.85333 0.5
6.85667 0.5
6.86 0.5
6.86333 0.5
6.86667 0.5
6.87 0.5
6.87333 0.5
6.87667 0.5
6.88 0.5
6.88333 0.5
6.88667 0.5
6.89 0.5
6.89333 0.5
6.89667 0.5
6.9 0.5
6.90333 0.5
6.90667 0.5
6.91 0.5
6.91333 0.5
6.91667 0.5
6.92 0.5
6.92333 0.5
6.92667 0.5
6.93 0.5
6.93333 0.5
6.93667 0.5
6.94 0.5
6.94333 0.5
6.94667 0.5
6.95 0.5
6.95333 0.5
6.95667 0.5
6.96 0.5
6.96333 0.5
6.96667 0.5
6.97 0.5
6.97333 0.5
6.97667 0.5
6.98 0.5
6.98333 0.5
6.98667 0.5
6.99 0.5
6.99333 0.5
6.99667 0.5
7 0.5
7.00333 0.5
7.00667 0.5
7.01 0.5
7.01333 0.5
7.01667 0.5
7.02 0.5
7.02333 0.5
7.02667 0.5
7.03 0.5
7.03333 0.5
7.03667 0.5
7.04 0.5
7.04333 0.5
7.04667 0.5
7.05 0.5
7.05333 0.5
7.05667 0.5
7.06 0.5
7.06333 0.5
7.06667 0.5
7.07 0.5
7.07333 0.5
7.07667 0.5
7.08 0.5
7.08333 0.5
7.08667 0.5
7.09 0.5
7.09333 0.5
7.09667 0.5
7.1 0.5
7.10333 0.5
7.10667 0.5
7.11 0.5
7.11333 0.5
7.11667 0.5
7.12 0.5
7.12333 0.5
7.12667 0.5
7.13 0.5
7.13333 0.5
7.13667 0.5
7.14 0.5
7.14333 0.5
7.14667 0.5
7.15 0.5
7.15333 0.5
7.15667 0.499999
7.16 0.499999
7.16333 0.499999
7.16667 0.499999
7.17 0.499999
7.17333 0.499999
7.17667 0.499999
7.18 0.499999
7.18333 0.499999
7.18667 0.499999
7.19 0.499999
7.19333 0.499999
7.19667 0.499999
7.2 0.499999
7.20333 0.499999
7.20667 0.499999
7.21 0.499999
7.21333 0.499999
7.21667 0.499999
7.22 0.499999
7.22333 0.499999
7.22667 0.499999
7.23 0.499999
7.23333 0.499999
7.23667 0.499999
7.24 0.499999
7.24333 0.499999
7.24667 0.499999
7.25 0.499999
7.25333 0.499999
7.25667 0.499999
7.26 0.499999
7.26333 0.499999
7.26667 0.499999
7.27 0.499999
7.27333 0.499999
7.27667 0.499999
7.28 0.499999
7.28333 0.499999
7.28667 0.499999
7.29 0.499999
7.29333 0.499999
7.29667 0.499999
7.3 0.499999
7.30333 0.499999
7.30667 0.499999
7.31 0.499999
7.31333 0.499999
7.31667 0.499999
7.32 0.499999
7.32333 0.499999
7.32667 0.499999
7.33 0.499999
7.33333 0.499999
7.33667 0.499999
7.34 0.499999
7.34333 0.499999
7.34667 0.499999
7.35 0.499999
7.35333 0.499999
7.35667 0.499999
7.36 0.499999
7.36333 0.499999
7.36667 0.499999
7.37 0.499999
7.37333 0.499999
7.37667 0.499999
7.38 0.499999
7.38333 0.499999
7.38667 0.499999
7.39 0.499999
7.39333 0.499999
7.39667 0.499999
7.4 0.499999
7.40333 0.499999
7.40667 0.499999
7.41 0.499999
7.41333 0.499999
7.41667 0.499999
7.42 0.499999
7.42333 0.499999
7.42667 0.499999
7.43 0.499999
7.43333 0.499999
7.43667 0.499999
7.44 0.499999
7.44333 0.499999
7.44667 0.499999
7.45 0.499999
7.45333 0.499999
7.45667 0.499999
7.46 0.499999
7.46333 0.499999
7.46667 0.499999
7.47 0.499999
7.47333 0.499999
7.47667 0.499999
7.48 0.499999
7.48333 0.499999
7.48667 0.499999
7.49 0.499999
7.49333 0.499999
7.49667 0.499999
7.5 0.499999
7.50333 0.499999
7.50667 0.499999
7.51 0.499999
7.51333 0.499999
7.51667 0.499999
7.52 0.499999
7.52333 0.499999
7.52667 0.499999
7.53 0.499999
7.53333 0.499999
7.53667 0.499999
7.54 0.499999
7.54333 0.499999
7.54667 0.499999
7.55 0.499999
7.55333 0.499999
7.55667 0.499999
7.56 0.499999
7.56333 0.499999
7.56667 0.499999
7.57 0.499999
7.57333 0.499999
7.57667 0.499999
7.58 0.499999
7.58333 0.499999
7.58667 0.499999
7.59 0.499999
7.59333 0.499999
7.59667 0.499999
7.6 0.499999
7.60333 0.499999
7.60667 0.499999
7.61 0.499999
7.61333 0.499999
7.61667 0.499999
7.62 0.499999
7.62333 0.499999
7.62667 0.499999
7.63 0.499999
7.63333 0.499999
7.63667 0.499999
7.64 0.499999
7.64333 0.499999
7.64667 0.499999
7.65 0.499999
7.65333 0.499999
7.65667 0.499999
7.66 0.499999
7.66333 0.499999
7.66667 0.499999
7.67 0.499999
7.67333 0.499999
7.67667 0.499999
7.68 0.499999
7.68333 0.499999
7.68667 0.499999
7.69 0.499999
7.69333 0.499999
7.69667 0.499999
7.7 0.499999
7.70333 0.499999
7.70667 0.499999
7.71 0.499999
7.71333 0.499999
7.71667 0.499999
7.72 0.499999
7.72333 0.499999
7.72667 0.499999
7.73 0.499999
7.73333 0.499999
7.73667 0.499999
7.74 0.499999
7.74333 0.499999
7.74667 0.499999
7.75 0.499999
7.75333 0.499999
7.75667 0.499999
7.76 0.499999
7.76333 0.499999
7.76667 0.499999
7.77 0.499999
7.77333 0.499999
7.77667 0.499999
7.78 0.499999
7.78333 0.499999
7.78667 0.499999
7.79 0.499999
7.79333 0.499999
7.79667 0.499999
7.8 0.499999
7.80333 0.499999
7.80667 0.499999
7.81 0.499999
7.81333 0.499999
7.81667 0.499999
7.82 0.499999
7.82333 0.499999
7.82667 0.499999
7.83 0.499999
7.83333 0.499999
7.83667 0.499999
7.84 0.499999
7.84333 0.499999
7.84667 0.499999
7.85 0.499999
7.85333 0.499999
7.85667 0.499999
7.86 0.499999
7.86333 0.499999
7.86667 0.499999
7.87 0.499999
7.87333 0.499999
7.87667 0.499999
7.88 0.499999
7.88333 0.499999
7.88667 0.499999
7.89 0.499999
7.89333 0.499999
7.89667 0.499999
7.9 0.499999
7.90333 0.499999
7.90667 0.499999
7.91 0.499999
7.91333 0.499999
7.91667 0.499999
7.92 0.499999
7.92333 0.499999
7.92667 0.499999
7.93 0.499999
7.93333 0.499999
7.93667 0.499999
7.94 0.499999
7.94333 0.499999
7.94667 0.499999
7.95 0.499999
7.95333 0.499999
7.95667 0.499999
7.96 0.499999
7.96333 0.499999
7.96667 0.499999
7.97 0.499999
7.97333 0.499999
7.97667 0.499999
7.98 0.499999
7.98333 0.499999
7.98667 0.499999
7.99 0.499999
7.99333 0.499999
7.99667 0.499999
