0 0.49205
0.25 0.47103
0.5 0.45001
0.75 0.397461
1 0.330701
1.25 0.262973
1.5 0.202405
1.75 0.152375
2 0.113103
2.25 0.0832536
2.5 0.0610103
2.75 0.0446247
3 0.0326287
3.25 0.0238713
3.5 0.0174833
3.75 0.0128217
4 0.00941626
4.25 0.00692504
4.5 0.0050998
4.75 0.00376041
5 0.00277608
5.25 0.00205165
5.5 0.0015178
5.75 0.0011239
6 0.000832937
6.25 0.000617787
6.5 0.000458544
6.75 0.000340576
7 0.000253114
7.25 0.00018822
7.5 0.000140038
7.75 0.000104241
8 7.76295e-005
8.25 5.78359e-005
8.5 4.31058e-005
8.75 3.21386e-005
9 2.39696e-005
9.25 1.78823e-005
9.5 1.33446e-005
9.75 9.96076e-006
10 7.43661e-006
10.25 5.55318e-006
10.5 4.14745e-006
10.75 3.09801e-006
11 2.31439e-006
11.25 1.72914e-006
11.5 1.29197e-006
11.75 9.65363e-007
12 7.21334e-007
12.25 5.38984e-007
12.5 4.02714e-007
12.75 3.00875e-007
13 2.24767e-007
13.25 1.67889e-007
13.5 1.25383e-007
13.75 9.36208e-008
14 6.98884e-008
14.25 5.21582e-008
14.5 3.89144e-008
14.75 2.90236e-008
15 2.16386e-008
15.25 1.6126e-008
15.5 1.20124e-008
15.75 8.94371e-009
16 6.65538e-009
16.25 4.94969e-009
16.5 3.67887e-009
16.75 2.73252e-009
17 2.02817e-009
17.25 1.50425e-009
17.5 1.11478e-009
17.75 8.25459e-010
18 6.10683e-010
18.25 4.51368e-010
18.5 3.3329e-010
18.75 2.4585e-010
19 1.81156e-010
19.25 1.33338e-010
19.5 9.80283e-011
19.75 7.19824e-011
20 5.2791e-011
20.25 3.86663e-011
20.5 2.82829e-011
20.75 2.06593e-011
21 1.50691e-011
21.25 1.09753e-011
21.5 7.98134e-012
21.75 5.79472e-012
22 4.19989e-012
22.25 3.03818e-012
22.5 2.19292e-012
22.75 1.5784e-012
23 1.1317e-012
23.25 8.06606e-013
23.5 5.69167e-013
23.75 3.9434e-013
24 2.63529e-013
24.25 1.62738e-013
24.5 8.1169e-014
24.75 8.47101e-014
