0 0 0.307126 0
0.1 0 0.304629 4.89371
0.2 0 0.297139 4.89682
0.3 0 0.285144 4.90181
0.4 0 0.269328 4.90839
0.5 0 0.250554 4.91621
0.6 0 0.229788 4.92486
0.7 0 0.208018 4.93394
0.8 0 0.186174 4.94307
0.9 0 0.165073 4.95189
1 0 0.145368 4.96015
1.1 0 0.12753 4.96763
1.2 0 0.111847 4.97423
1.3 0 0.0984311 4.97989
1.4 0 0.0872546 4.98461
1.5 0 0.0781776 4.98845
1.6 0 0.0709858 4.99151
1.7 0 0.0654236 4.99388
1.8 0 0.0612223 4.99567
1.9 0 0.0581217 4.997
2 0 0.0558854 4.99796
2.1 0 0.0543083 4.99864
2.2 0 0.0532208 4.99911
2.3 0 0.0524873 4.99943
2.4 0 0.0520033 4.99964
2.5 0 0.0516909 4.99978
2.6 0 0.0514934 4.99987
2.7 0 0.0513713 4.99992
2.8 0 0.0512974 4.99995
2.9 0 0.0512536 4.99997
3 0 0.0512282 4.99999
3.1 0 0.0512138 4.99999
3.2 0 0.0512058 5
3.3 0 0.0512014 5
3.4 0 0.0511991 5
3.5 0 0.0511979 5
3.6 0 0.0511972 5
3.7 0 0.0511969 5
3.8 0 0.0511968 5
3.9 0 0.0511967 5
4 0 0.0511967 5
4.1 0 0.0511967 5
4.2 0 0.0511967 5
4.3 0 0.0511966 5
4.4 0 0.0511966 5
4.5 0 0.0511966 5
4.6 0 0.0511966 5
4.7 0 0.0511966 5
4.8 0 0.0511966 5
4.9 0 0.0511966 5
5 0 0.0511966 5
5.1 0 0.0511966 5
5.2 0 0.0511966 5
5.3 0 0.0511966 5
5.4 0 0.0511966 5
5.5 0 0.0511966 5
5.6 0 0.0511966 5
5.7 0 0.0511966 5
5.8 0 0.0511966 5
5.9 0 0.0511966 5
6 0 0.0511966 5
6.1 0 0.0511966 5
6.2 0 0.0511966 5
6.3 0 0.0511966 5
6.4 0 0.0511966 5.00001
6.5 0 0.0511966 5.00001
6.6 0 0.0511966 5.00001
6.7 0 0.0511966 5.00001
6.8 0 0.0511966 5.00001
6.9 0 0.0511966 5
7 0 0.0511966 4.99997
7.1 0 0.0511966 4.99992
7.2 0 0.0511966 4.99982
7.3 0 0.0511966 4.99963
7.4 0 0.0511966 4.9993
7.5 0 0.0511966 4.99873
7.6 0 0.0511966 4.99778
7.7 0 0.0511966 4.99625
7.8 0 0.0511966 4.99384
7.9 0 0.0511966 4.99012
8 0 0.0511966 4.98451
8.1 0 0.0511966 4.97624
8.2 0 0.0511967 4.96428
8.3 0 0.0511967 4.94735
8.4 0 0.0511967 4.92389
8.5 0 0.0511967 4.89203
8.6 0 0.0511967 4.84962
8.7 0 0.0511967 4.79432
8.8 0 0.0511967 4.72363
8.9 0 0.0511967 4.63507
9 0 0.0511967 4.52634
9.1 0 0.0511967 4.39549
9.2 0 0.0511967 4.24114
9.3 0 0.0511967 4.06268
9.4 0 0.0511968 3.86043
9.5 0 0.0511968 3.63574
9.6 0 0.0511968 3.39108
9.7 0 0.0511968 3.12992
9.8 0 0.0511969 2.85668
9.9 0 0.0511969 2.57643

0 0.002 0.306034 0
0.1 0.002 0.303563 5.61224
0.2 0.002 0.296149 5.57987
0.3 0.002 0.284254 5.5727
0.4 0.002 0.26856 5.56981
0.5 0.002 0.249922 5.56624
0.6 0.002 0.229297 5.56417
0.7 0.002 0.207663 5.56405
0.8 0.002 0.185945 5.5653
0.9 0.002 0.164953 5.56706
1 0.002 0.145336 5.56863
1.1 0.002 0.127565 5.5695
1.2 0.002 0.111926 5.56949
1.3 0.002 0.0985366 5.56864
1.4 0.002 0.0873707 5.56721
1.5 0.002 0.0782924 5.56559
1.6 0.002 0.0710911 5.56415
1.7 0.002 0.0655145 5.56315
1.8 0.002 0.0612966 5.56271
1.9 0.002 0.0581793 5.56276
2 0.002 0.0559275 5.56315
2.1 0.002 0.054337 5.56371
2.2 0.002 0.0532384 5.56429
2.3 0.002 0.0524961 5.56481
2.4 0.002 0.0520053 5.56521
2.5 0.002 0.0516879 5.56551
2.6 0.002 0.0514869 5.56572
2.7 0.002 0.0513623 5.56586
2.8 0.002 0.0512868 5.56594
2.9 0.002 0.0512419 5.566
3 0.002 0.0512158 5.56603
3.1 0.002 0.051201 5.56605
3.2 0.002 0.0511927 5.56606
3.3 0.002 0.0511882 5.56607
3.4 0.002 0.0511858 5.56607
3.5 0.002 0.0511845 5.56607
3.6 0.002 0.0511838 5.56607
3.7 0.002 0.0511835 5.56607
3.8 0.002 0.0511834 5.56607
3.9 0.002 0.0511833 5.56607
4 0.002 0.0511832 5.56607
4.1 0.002 0.0511832 5.56607
4.2 0.002 0.0511832 5.56607
4.3 0.002 0.0511832 5.56607
4.4 0.002 0.0511832 5.56607
4.5 0.002 0.0511832 5.56607
4.6 0.002 0.0511832 5.56607
4.7 0.002 0.0511832 5.56607
4.8 0.002 0.0511832 5.56607
4.9 0.002 0.0511832 5.56607
5 0.002 0.0511832 5.56607
5.1 0.002 0.0511832 5.56607
5.2 0.002 0.0511832 5.56607
5.3 0.002 0.0511832 5.56607
5.4 0.002 0.0511832 5.56607
5.5 0.002 0.0511832 5.56607
5.6 0.002 0.0511832 5.56607
5.7 0.002 0.0511832 5.56607
5.8 0.002 0.0511832 5.56607
5.9 0.002 0.0511832 5.56607
6 0.002 0.0511832 5.56606
6.1 0.002 0.0511832 5.56606
6.2 0.002 0.0511832 5.56606
6.3 0.002 0.0511832 5.56606
6.4 0.002 0.0511832 5.56606
6.5 0.002 0.0511832 5.56606
6.6 0.002 0.0511832 5.56606
6.7 0.002 0.0511832 5.56606
6.8 0.002 0.0511832 5.56605
6.9 0.002 0.0511832 5.56603
7 0.002 0.0511832 5.566
7.1 0.002 0.0511832 5.56594
7.2 0.002 0.0511832 5.56582
7.3 0.002 0.0511832 5.56562
7.4 0.002 0.0511833 5.56526
7.5 0.002 0.0511833 5.56466
7.6 0.002 0.0511834 5.56366
7.7 0.002 0.0511836 5.56206
7.8 0.002 0.0511839 5.55954
7.9 0.002 0.0511843 5.55566
8 0.002 0.0511849 5.54981
8.1 0.002 0.0511858 5.54119
8.2 0.002 0.051187 5.52875
8.3 0.002 0.0511888 5.51114
8.4 0.002 0.0511913 5.48674
8.5 0.002 0.0511947 5.45362
8.6 0.002 0.0511992 5.40955
8.7 0.002 0.0512051 5.35208
8.8 0.002 0.0512126 5.27865
8.9 0.002 0.051222 5.18669
9 0.002 0.0512335 5.0738
9.1 0.002 0.0512474 4.93798
9.2 0.002 0.0512638 4.77782
9.3 0.002 0.0512827 4.59269
9.4 0.002 0.0513041 4.38294
9.5 0.002 0.051328 4.14999
9.6 0.002 0.0513539 3.89639
9.7 0.002 0.0513806 3.62793
9.8 0.002 0.0513717 4.43023
9.9 0.002 0.0513992 4.20505

0 0.004 0.304933 0
0.1 0.004 0.302491 5.78765
0.2 0.004 0.295165 5.71028
0.3 0.004 0.283364 5.7139
0.4 0.004 0.267783 5.73622
0.5 0.004 0.249278 5.75113
0.6 0.004 0.228795 5.75808
0.7 0.004 0.2073 5.76009
0.8 0.004 0.185711 5.75892
0.9 0.004 0.164829 5.75511
1 0.004 0.145303 5.74859
1.1 0.004 0.1276 5.73928
1.2 0.004 0.112008 5.72738
1.3 0.004 0.0986468 5.71355
1.4 0.004 0.0874929 5.69888
1.5 0.004 0.0784143 5.68468
1.6 0.004 0.0712043 5.6722
1.7 0.004 0.0656137 5.66231
1.8 0.004 0.0613794 5.65534
1.9 0.004 0.0582456 5.65106
2 0.004 0.0559782 5.64888
2.1 0.004 0.0543742 5.64812
2.2 0.004 0.0532643 5.64813
2.3 0.004 0.052513 5.64848
2.4 0.004 0.0520155 5.64891
2.5 0.004 0.051693 5.64929
2.6 0.004 0.0514884 5.64958
2.7 0.004 0.0513613 5.64979
2.8 0.004 0.0512841 5.64993
2.9 0.004 0.0512381 5.65001
3 0.004 0.0512113 5.65007
3.1 0.004 0.051196 5.6501
3.2 0.004 0.0511875 5.65011
3.3 0.004 0.0511828 5.65012
3.4 0.004 0.0511803 5.65013
3.5 0.004 0.051179 5.65013
3.6 0.004 0.0511783 5.65013
3.7 0.004 0.0511779 5.65013
3.8 0.004 0.0511778 5.65013
3.9 0.004 0.0511777 5.65013
4 0.004 0.0511777 5.65013
4.1 0.004 0.0511776 5.65013
4.2 0.004 0.0511776 5.65013
4.3 0.004 0.0511776 5.65013
4.4 0.004 0.0511776 5.65013
4.5 0.004 0.0511776 5.65013
4.6 0.004 0.0511776 5.65013
4.7 0.004 0.0511776 5.65012
4.8 0.004 0.0511776 5.65012
4.9 0.004 0.0511776 5.65012
5 0.004 0.0511776 5.65012
5.1 0.004 0.0511776 5.65012
5.2 0.004 0.0511776 5.65012
5.3 0.004 0.0511776 5.65012
5.4 0.004 0.0511776 5.65012
5.5 0.004 0.0511776 5.65012
5.6 0.004 0.0511776 5.65012
5.7 0.004 0.0511776 5.65011
5.8 0.004 0.0511776 5.65011
5.9 0.004 0.0511776 5.65011
6 0.004 0.0511776 5.65011
6.1 0.004 0.0511776 5.65011
6.2 0.004 0.0511776 5.6501
6.3 0.004 0.0511776 5.6501
6.4 0.004 0.0511776 5.6501
6.5 0.004 0.0511776 5.65009
6.6 0.004 0.0511776 5.65009
6.7 0.004 0.0511776 5.65008
6.8 0.004 0.0511776 5.65007
6.9 0.004 0.0511776 5.65004
7 0.004 0.0511776 5.65001
7.1 0.004 0.0511777 5.64994
7.2 0.004 0.0511777 5.64981
7.3 0.004 0.0511777 5.6496
7.4 0.004 0.0511778 5.64923
7.5 0.004 0.0511779 5.64861
7.6 0.004 0.0511781 5.6476
7.7 0.004 0.0511785 5.64598
7.8 0.004 0.051179 5.64343
7.9 0.004 0.0511798 5.63952
8 0.004 0.051181 5.63364
8.1 0.004 0.0511828 5.62497
8.2 0.004 0.0511854 5.61246
8.3 0.004 0.051189 5.59478
8.4 0.004 0.051194 5.57028
8.5 0.004 0.0512009 5.53703
8.6 0.004 0.0512099 5.4928
8.7 0.004 0.0512217 5.43515
8.8 0.004 0.0512368 5.36149
8.9 0.004 0.0512557 5.26926
9 0.004 0.0512789 5.15608
9.1 0.004 0.0513067 5.01995
9.2 0.004 0.0513396 4.85946
9.3 0.004 0.0513776 4.67401
9.4 0.004 0.0514206 4.46395
9.5 0.004 0.0514685 4.23071
9.6 0.004 0.05152 3.97694
9.7 0.004 0.0515622 3.73023
9.8 0.004 0.0513749 6.99332
9.9 0.004 0.051404 6.97911

0 0.006 0.30385 0
0.1 0.006 0.301445 5.94963
0.2 0.006 0.29423 5.81122
0.3 0.006 0.28252 5.81133
0.4 0.006 0.267039 5.84997
0.5 0.006 0.248653 5.88596
0.6 0.006 0.228302 5.91057
0.7 0.006 0.206941 5.92438
0.8 0.006 0.185478 5.9293
0.9 0.006 0.164707 5.92656
1 0.006 0.145272 5.91678
1.1 0.006 0.127639 5.90043
1.2 0.006 0.112096 5.87837
1.3 0.006 0.0987646 5.85209
1.4 0.006 0.0876243 5.82376
1.5 0.006 0.0785468 5.79593
1.6 0.006 0.0713289 5.77101
1.7 0.006 0.065725 5.75077
1.8 0.006 0.0614747 5.73596
1.9 0.006 0.0583243 5.72631
2 0.006 0.0560414 5.72083
2.1 0.006 0.0544237 5.71826
2.2 0.006 0.0533024 5.71743
2.3 0.006 0.052542 5.71748
2.4 0.006 0.0520375 5.71786
2.5 0.006 0.0517099 5.71829
2.6 0.006 0.0515016 5.71866
2.7 0.006 0.051372 5.71893
2.8 0.006 0.051293 5.71911
2.9 0.006 0.0512459 5.71923
3 0.006 0.0512183 5.71931
3.1 0.006 0.0512026 5.71935
3.2 0.006 0.0511938 5.71937
3.3 0.006 0.0511889 5.71939
3.4 0.006 0.0511863 5.71939
3.5 0.006 0.0511849 5.7194
3.6 0.006 0.0511842 5.7194
3.7 0.006 0.0511839 5.7194
3.8 0.006 0.0511837 5.7194
3.9 0.006 0.0511836 5.71939
4 0.006 0.0511836 5.71939
4.1 0.006 0.0511836 5.71939
4.2 0.006 0.0511835 5.71939
4.3 0.006 0.0511835 5.71939
4.4 0.006 0.0511835 5.71939
4.5 0.006 0.0511835 5.71938
4.6 0.006 0.0511835 5.71938
4.7 0.006 0.0511835 5.71938
4.8 0.006 0.0511835 5.71938
4.9 0.006 0.0511835 5.71938
5 0.006 0.0511835 5.71938
5.1 0.006 0.0511835 5.71937
5.2 0.006 0.0511835 5.71937
5.3 0.006 0.0511835 5.71937
5.4 0.006 0.0511835 5.71937
5.5 0.006 0.0511835 5.71936
5.6 0.006 0.0511835 5.71936
5.7 0.006 0.0511835 5.71936
5.8 0.006 0.0511835 5.71936
5.9 0.006 0.0511835 5.71935
6 0.006 0.0511835 5.71935
6.1 0.006 0.0511835 5.71934
6.2 0.006 0.0511835 5.71934
6.3 0.006 0.0511835 5.71933
6.4 0.006 0.0511835 5.71933
6.5 0.006 0.0511835 5.71932
6.6 0.006 0.0511835 5.71931
6.7 0.006 0.0511835 5.7193
6.8 0.006 0.0511836 5.71928
6.9 0.006 0.0511836 5.71925
7 0.006 0.0511836 5.71921
7.1 0.006 0.0511836 5.71913
7.2 0.006 0.0511836 5.719
7.3 0.006 0.0511837 5.71877
7.4 0.006 0.0511838 5.71839
7.5 0.006 0.051184 5.71776
7.6 0.006 0.0511843 5.71673
7.7 0.006 0.0511848 5.71509
7.8 0.006 0.0511856 5.71253
7.9 0.006 0.0511869 5.70859
8 0.006 0.0511887 5.70267
8.1 0.006 0.0511914 5.69397
8.2 0.006 0.0511953 5.68141
8.3 0.006 0.0512008 5.66366
8.4 0.006 0.0512084 5.63908
8.5 0.006 0.0512187 5.60573
8.6 0.006 0.0512324 5.56138
8.7 0.006 0.0512502 5.50358
8.8 0.006 0.0512729 5.42976
8.9 0.006 0.0513013 5.33735
9 0.006 0.0513362 5.22397
9.1 0.006 0.0513781 5.08763
9.2 0.006 0.0514276 4.92695
9.3 0.006 0.0514847 4.74132
9.4 0.006 0.0515495 4.53111
9.5 0.006 0.0516213 4.29776
9.6 0.006 0.0516963 4.04481
9.7 0.006 0.0517225 3.86146
9.8 0.006 0.0511222 10.2366
9.9 0.006 0.0511029 10.4493

0 0.008 0.302791 0
0.1 0.008 0.300432 6.11464
0.2 0.008 0.293352 5.89919
0.3 0.008 0.281736 5.88896
0.4 0.008 0.266347 5.93545
0.5 0.008 0.248067 5.98682
0.6 0.008 0.227836 6.0279
0.7 0.008 0.2066 6.05552
0.8 0.008 0.185256 6.07006
0.9 0.008 0.164593 6.07238
1 0.008 0.145248 6.06319
1.1 0.008 0.127685 6.04325
1.2 0.008 0.112192 6.01395
1.3 0.008 0.0988917 5.97756
1.4 0.008 0.0877663 5.93732
1.5 0.008 0.078691 5.89704
1.6 0.008 0.0714662 5.86036
1.7 0.008 0.0658495 5.83006
1.8 0.008 0.0615835 5.80744
1.9 0.008 0.0584166 5.79231
2 0.008 0.0561181 5.78339
2.1 0.008 0.0544866 5.77889
2.2 0.008 0.0533538 5.77713
2.3 0.008 0.0525842 5.77682
2.4 0.008 0.0520725 5.77712
2.5 0.008 0.0517396 5.77759
2.6 0.008 0.0515275 5.77802
2.7 0.008 0.0513953 5.77836
2.8 0.008 0.0513145 5.77859
2.9 0.008 0.0512662 5.77875
3 0.008 0.051238 5.77884
3.1 0.008 0.0512218 5.7789
3.2 0.008 0.0512126 5.77893
3.3 0.008 0.0512076 5.77894
3.4 0.008 0.0512049 5.77895
3.5 0.008 0.0512035 5.77896
3.6 0.008 0.0512028 5.77896
3.7 0.008 0.0512024 5.77896
3.8 0.008 0.0512022 5.77895
3.9 0.008 0.0512021 5.77895
4 0.008 0.0512021 5.77895
4.1 0.008 0.051202 5.77895
4.2 0.008 0.051202 5.77894
4.3 0.008 0.051202 5.77894
4.4 0.008 0.051202 5.77894
4.5 0.008 0.051202 5.77893
4.6 0.008 0.051202 5.77893
4.7 0.008 0.051202 5.77893
4.8 0.008 0.051202 5.77892
4.9 0.008 0.051202 5.77892
5 0.008 0.051202 5.77892
5.1 0.008 0.051202 5.77892
5.2 0.008 0.051202 5.77891
5.3 0.008 0.051202 5.77891
5.4 0.008 0.051202 5.7789
5.5 0.008 0.051202 5.7789
5.6 0.008 0.051202 5.7789
5.7 0.008 0.051202 5.77889
5.8 0.008 0.051202 5.77889
5.9 0.008 0.051202 5.77888
6 0.008 0.051202 5.77888
6.1 0.008 0.051202 5.77887
6.2 0.008 0.051202 5.77886
6.3 0.008 0.051202 5.77885
6.4 0.008 0.051202 5.77884
6.5 0.008 0.051202 5.77883
6.6 0.008 0.051202 5.77882
6.7 0.008 0.051202 5.7788
6.8 0.008 0.0512021 5.77878
6.9 0.008 0.0512021 5.77874
7 0.008 0.0512021 5.77869
7.1 0.008 0.0512021 5.77861
7.2 0.008 0.0512022 5.77846
7.3 0.008 0.0512023 5.77823
7.4 0.008 0.0512024 5.77784
7.5 0.008 0.0512027 5.7772
7.6 0.008 0.0512031 5.77615
7.7 0.008 0.0512038 5.7745
7.8 0.008 0.0512049 5.77191
7.9 0.008 0.0512065 5.76795
8 0.008 0.051209 5.762
8.1 0.008 0.0512126 5.75326
8.2 0.008 0.0512179 5.74066
8.3 0.008 0.0512253 5.72286
8.4 0.008 0.0512355 5.69822
8.5 0.008 0.0512493 5.66479
8.6 0.008 0.0512676 5.62034
8.7 0.008 0.0512914 5.56243
8.8 0.008 0.0513219 5.48848
8.9 0.008 0.0513599 5.39593
9 0.008 0.0514066 5.28241
9.1 0.008 0.0514627 5.14594
9.2 0.008 0.0515288 4.98514
9.3 0.008 0.0516052 4.79942
9.4 0.008 0.0516918 4.58917
9.5 0.008 0.0517872 4.35582
9.6 0.008 0.0518797 4.10664
9.7 0.008 0.0518373 4.03892
9.8 0.008 0.0505897 13.7442
9.9 0.008 0.0504564 14.1513

0 0.01 0.301745 0
0.1 0.01 0.29944 6.28449
0.2 0.01 0.292528 5.97768
0.3 0.01 0.281012 5.95247
0.4 0.01 0.26571 6.00162
0.5 0.01 0.247527 6.06312
0.6 0.01 0.227405 6.11712
0.7 0.01 0.206284 6.1572
0.8 0.01 0.185053 6.18176
0.9 0.01 0.164493 6.19067
1 0.01 0.145235 6.18421
1.1 0.01 0.127741 6.16316
1.2 0.01 0.112298 6.12916
1.3 0.01 0.0990287 6.08512
1.4 0.01 0.087919 6.03519
1.5 0.01 0.0788468 5.9843
1.6 0.01 0.0716157 5.93728
1.7 0.01 0.0659868 5.89789
1.8 0.01 0.0617054 5.86805
1.9 0.01 0.0585222 5.84777
2 0.01 0.056208 5.83553
2.1 0.01 0.0545626 5.82915
2.2 0.01 0.053418 5.82645
2.3 0.01 0.052639 5.82576
2.4 0.01 0.0521201 5.82597
2.5 0.01 0.0517818 5.82647
2.6 0.01 0.0515659 5.82698
2.7 0.01 0.0514309 5.82737
2.8 0.01 0.0513484 5.82766
2.9 0.01 0.0512989 5.82784
3 0.01 0.0512698 5.82796
3.1 0.01 0.0512531 5.82803
3.2 0.01 0.0512437 5.82807
3.3 0.01 0.0512385 5.82809
3.4 0.01 0.0512357 5.8281
3.5 0.01 0.0512342 5.8281
3.6 0.01 0.0512335 5.8281
3.7 0.01 0.0512331 5.8281
3.8 0.01 0.0512329 5.82809
3.9 0.01 0.0512328 5.82809
4 0.01 0.0512327 5.82809
4.1 0.01 0.0512327 5.82808
4.2 0.01 0.0512327 5.82808
4.3 0.01 0.0512327 5.82807
4.4 0.01 0.0512327 5.82807
4.5 0.01 0.0512327 5.82806
4.6 0.01 0.0512327 5.82806
4.7 0.01 0.0512327 5.82805
4.8 0.01 0.0512327 5.82805
4.9 0.01 0.0512327 5.82805
5 0.01 0.0512327 5.82804
5.1 0.01 0.0512327 5.82804
5.2 0.01 0.0512327 5.82803
5.3 0.01 0.0512327 5.82803
5.4 0.01 0.0512327 5.82802
5.5 0.01 0.0512327 5.82801
5.6 0.01 0.0512327 5.82801
5.7 0.01 0.0512327 5.828
5.8 0.01 0.0512327 5.82799
5.9 0.01 0.0512327 5.82799
6 0.01 0.0512327 5.82798
6.1 0.01 0.0512327 5.82797
6.2 0.01 0.0512327 5.82796
6.3 0.01 0.0512327 5.82795
6.4 0.01 0.0512327 5.82793
6.5 0.01 0.0512327 5.82792
6.6 0.01 0.0512327 5.8279
6.7 0.01 0.0512327 5.82788
6.8 0.01 0.0512328 5.82785
6.9 0.01 0.0512328 5.82781
7 0.01 0.0512328 5.82775
7.1 0.01 0.0512328 5.82766
7.2 0.01 0.0512329 5.82751
7.3 0.01 0.051233 5.82726
7.4 0.01 0.0512332 5.82686
7.5 0.01 0.0512336 5.8262
7.6 0.01 0.0512341 5.82515
7.7 0.01 0.051235 5.82348
7.8 0.01 0.0512364 5.82087
7.9 0.01 0.0512385 5.81689
8 0.01 0.0512416 5.81092
8.1 0.01 0.0512462 5.80214
8.2 0.01 0.0512528 5.78951
8.3 0.01 0.0512621 5.77166
8.4 0.01 0.0512749 5.74696
8.5 0.01 0.0512922 5.71347
8.6 0.01 0.0513153 5.66895
8.7 0.01 0.0513452 5.61096
8.8 0.01 0.0513834 5.53692
8.9 0.01 0.0514312 5.44428
9 0.01 0.0514897 5.33067
9.1 0.01 0.05156 5.19414
9.2 0.01 0.0516429 5.03329
9.3 0.01 0.0517387 4.84758
9.4 0.01 0.0518471 4.63736
9.5 0.01 0.0519651 4.40422
9.6 0.01 0.052064 4.16518
9.7 0.01 0.0518841 4.26595
9.8 0.01 0.049788 17.2635
9.9 0.01 0.0494677 17.8233

0 0.012 0.300703 0
0.1 0.012 0.298464 6.45221
0.2 0.012 0.291747 6.04768
0.3 0.012 0.280341 6.0047
0.4 0.012 0.265124 6.05314
0.5 0.012 0.247031 6.12094
0.6 0.012 0.227008 6.18447
0.7 0.012 0.205994 6.23475
0.8 0.012 0.184869 6.26833
0.9 0.012 0.164406 6.28389
1 0.012 0.145233 6.28108
1.1 0.012 0.127806 6.26041
1.2 0.012 0.112412 6.2236
1.3 0.012 0.0991746 6.17398
1.4 0.012 0.0880812 6.11642
1.5 0.012 0.0790128 6.0568
1.6 0.012 0.0717761 6.00101
1.7 0.012 0.0661355 5.9537
1.8 0.012 0.0618389 5.91745
1.9 0.012 0.0586395 5.89248
2 0.012 0.0563097 5.87717
2.1 0.012 0.0546503 5.86901
2.2 0.012 0.0534939 5.86542
2.3 0.012 0.0527053 5.86436
2.4 0.012 0.052179 5.86448
2.5 0.012 0.0518352 5.86501
2.6 0.012 0.0516154 5.86558
2.7 0.012 0.0514777 5.86604
2.8 0.012 0.0513932 5.86637
2.9 0.012 0.0513425 5.86659
3 0.012 0.0513127 5.86672
3.1 0.012 0.0512955 5.86681
3.2 0.012 0.0512857 5.86685
3.3 0.012 0.0512804 5.86688
3.4 0.012 0.0512775 5.86689
3.5 0.012 0.0512759 5.86689
3.6 0.012 0.0512751 5.86689
3.7 0.012 0.0512747 5.86689
3.8 0.012 0.0512745 5.86688
3.9 0.012 0.0512744 5.86688
4 0.012 0.0512744 5.86687
4.1 0.012 0.0512743 5.86686
4.2 0.012 0.0512743 5.86686
4.3 0.012 0.0512743 5.86685
4.4 0.012 0.0512743 5.86685
4.5 0.012 0.0512743 5.86684
4.6 0.012 0.0512743 5.86683
4.7 0.012 0.0512743 5.86683
4.8 0.012 0.0512743 5.86682
4.9 0.012 0.0512743 5.86681
5 0.012 0.0512743 5.86681
5.1 0.012 0.0512743 5.8668
5.2 0.012 0.0512743 5.86679
5.3 0.012 0.0512743 5.86678
5.4 0.012 0.0512743 5.86678
5.5 0.012 0.0512743 5.86677
5.6 0.012 0.0512743 5.86676
5.7 0.012 0.0512743 5.86675
5.8 0.012 0.0512743 5.86674
5.9 0.012 0.0512743 5.86673
6 0.012 0.0512743 5.86672
6.1 0.012 0.0512743 5.86671
6.2 0.012 0.0512744 5.86669
6.3 0.012 0.0512744 5.86668
6.4 0.012 0.0512744 5.86666
6.5 0.012 0.0512744 5.86664
6.6 0.012 0.0512744 5.86662
6.7 0.012 0.0512744 5.86659
6.8 0.012 0.0512744 5.86656
6.9 0.012 0.0512744 5.86651
7 0.012 0.0512744 5.86644
7.1 0.012 0.0512745 5.86634
7.2 0.012 0.0512746 5.86619
7.3 0.012 0.0512747 5.86593
7.4 0.012 0.051275 5.86552
7.5 0.012 0.0512754 5.86485
7.6 0.012 0.0512761 5.86378
7.7 0.012 0.0512771 5.86209
7.8 0.012 0.0512788 5.85947
7.9 0.012 0.0512813 5.85547
8 0.012 0.0512851 5.84948
8.1 0.012 0.0512907 5.84068
8.2 0.012 0.0512987 5.82801
8.3 0.012 0.0513099 5.81013
8.4 0.012 0.0513254 5.78539
8.5 0.012 0.0513463 5.75185
8.6 0.012 0.0513741 5.70728
8.7 0.012 0.0514102 5.64923
8.8 0.012 0.0514562 5.57513
8.9 0.012 0.0515137 5.48244
9 0.012 0.0515842 5.3688
9.1 0.012 0.0516689 5.23225
9.2 0.012 0.0517686 5.07144
9.3 0.012 0.0518839 4.8858
9.4 0.012 0.052014 4.67569
9.5 0.012 0.0521524 4.44324
9.6 0.012 0.0522411 4.22497
9.7 0.012 0.0518445 4.54126
9.8 0.012 0.0487474 20.6487
9.9 0.012 0.0481654 21.325

0 0.014 0.299645 0
0.1 0.014 0.297483 6.63572
0.2 0.014 0.290997 6.1081
0.3 0.014 0.279712 6.04587
0.4 0.014 0.264582 6.09123
0.5 0.014 0.246573 6.16257
0.6 0.014 0.226644 6.23286
0.7 0.014 0.205729 6.29108
0.8 0.014 0.184703 6.33221
0.9 0.014 0.164333 6.35382
1 0.014 0.145241 6.35481
1.1 0.014 0.127879 6.3353
1.2 0.014 0.112533 6.29696
1.3 0.014 0.0993278 6.24335
1.4 0.014 0.0882512 6.17989
1.5 0.014 0.0791871 6.11323
1.6 0.014 0.0719454 6.05012
1.7 0.014 0.0662935 5.99605
1.8 0.014 0.0619821 5.95419
1.9 0.014 0.0587667 5.92503
2 0.014 0.0564213 5.90694
2.1 0.014 0.0547478 5.89713
2.2 0.014 0.0535795 5.89269
2.3 0.014 0.0527813 5.89128
2.4 0.014 0.0522475 5.89131
2.5 0.014 0.0518981 5.89187
2.6 0.014 0.0516742 5.89249
2.7 0.014 0.0515337 5.89301
2.8 0.014 0.0514474 5.89339
2.9 0.014 0.0513954 5.89364
3 0.014 0.0513647 5.8938
3.1 0.014 0.051347 5.89389
3.2 0.014 0.051337 5.89394
3.3 0.014 0.0513314 5.89397
3.4 0.014 0.0513284 5.89398
3.5 0.014 0.0513268 5.89398
3.6 0.014 0.0513259 5.89398
3.7 0.014 0.0513255 5.89398
3.8 0.014 0.0513253 5.89397
3.9 0.014 0.0513252 5.89396
4 0.014 0.0513252 5.89396
4.1 0.014 0.0513251 5.89395
4.2 0.014 0.0513251 5.89394
4.3 0.014 0.0513251 5.89393
4.4 0.014 0.0513251 5.89392
4.5 0.014 0.0513251 5.89391
4.6 0.014 0.0513251 5.89391
4.7 0.014 0.0513251 5.8939
4.8 0.014 0.0513251 5.89389
4.9 0.014 0.0513251 5.89388
5 0.014 0.0513251 5.89387
5.1 0.014 0.0513251 5.89386
5.2 0.014 0.0513251 5.89385
5.3 0.014 0.0513251 5.89384
5.4 0.014 0.0513251 5.89383
5.5 0.014 0.0513251 5.89382
5.6 0.014 0.0513251 5.89381
5.7 0.014 0.0513252 5.8938
5.8 0.014 0.0513252 5.89379
5.9 0.014 0.0513252 5.89377
6 0.014 0.0513252 5.89376
6.1 0.014 0.0513252 5.89374
6.2 0.014 0.0513252 5.89373
6.3 0.014 0.0513252 5.89371
6.4 0.014 0.0513252 5.89369
6.5 0.014 0.0513252 5.89366
6.6 0.014 0.0513252 5.89363
6.7 0.014 0.0513252 5.8936
6.8 0.014 0.0513252 5.89356
6.9 0.014 0.0513253 5.89351
7 0.014 0.0513253 5.89343
7.1 0.014 0.0513254 5.89333
7.2 0.014 0.0513255 5.89316
7.3 0.014 0.0513256 5.8929
7.4 0.014 0.0513259 5.89247
7.5 0.014 0.0513264 5.89179
7.6 0.014 0.0513272 5.89071
7.7 0.014 0.0513285 5.88901
7.8 0.014 0.0513305 5.88637
7.9 0.014 0.0513335 5.88235
8 0.014 0.0513379 5.87634
8.1 0.014 0.0513445 5.86752
8.2 0.014 0.0513539 5.85483
8.3 0.014 0.0513671 5.83692
8.4 0.014 0.0513852 5.81215
8.5 0.014 0.0514098 5.77858
8.6 0.014 0.0514424 5.73397
8.7 0.014 0.0514847 5.67589
8.8 0.014 0.0515386 5.60177
8.9 0.014 0.0516059 5.50907
9 0.014 0.0516884 5.39545
9.1 0.014 0.0517875 5.25895
9.2 0.014 0.0519042 5.09824
9.3 0.014 0.052039 4.91274
9.4 0.014 0.0521905 4.70281
9.5 0.014 0.0523457 4.4721
9.6 0.014 0.0524013 4.28963
9.7 0.014 0.0517061 4.85935
9.8 0.014 0.0475068 23.8193
9.9 0.014 0.0465924 24.5844

0 0.016 0.29856 0
0.1 0.016 0.296487 6.80398
0.2 0.016 0.290266 6.15912
0.3 0.016 0.279114 6.07739
0.4 0.016 0.264073 6.118
0.5 0.016 0.246146 6.1908
0.6 0.016 0.226305 6.26568
0.7 0.016 0.205484 6.32986
0.8 0.016 0.184552 6.37706
0.9 0.016 0.164271 6.40383
1 0.016 0.145256 6.40836
1.1 0.016 0.127958 6.39034
1.2 0.016 0.11266 6.35128
1.3 0.016 0.099486 6.29486
1.4 0.016 0.0884265 6.22688
1.5 0.016 0.0793674 6.15458
1.6 0.016 0.0721214 6.08545
1.7 0.016 0.0664587 6.02566
1.8 0.016 0.0621329 5.97894
1.9 0.016 0.0589017 5.94609
2 0.016 0.0565408 5.92548
2.1 0.016 0.0548532 5.91415
2.2 0.016 0.0536729 5.90892
2.3 0.016 0.052865 5.90718
2.4 0.016 0.0523237 5.90711
2.5 0.016 0.0519686 5.90768
2.6 0.016 0.0517406 5.90836
2.7 0.016 0.0515972 5.90893
2.8 0.016 0.0515089 5.90935
2.9 0.016 0.0514556 5.90964
3 0.016 0.0514241 5.90982
3.1 0.016 0.0514059 5.90992
3.2 0.016 0.0513955 5.90998
3.3 0.016 0.0513898 5.91001
3.4 0.016 0.0513866 5.91002
3.5 0.016 0.051385 5.91003
3.6 0.016 0.0513841 5.91002
3.7 0.016 0.0513837 5.91002
3.8 0.016 0.0513834 5.91001
3.9 0.016 0.0513833 5.91
4 0.016 0.0513833 5.90999
4.1 0.016 0.0513832 5.90998
4.2 0.016 0.0513832 5.90997
4.3 0.016 0.0513832 5.90996
4.4 0.016 0.0513832 5.90995
4.5 0.016 0.0513832 5.90994
4.6 0.016 0.0513832 5.90992
4.7 0.016 0.0513832 5.90991
4.8 0.016 0.0513832 5.9099
4.9 0.016 0.0513832 5.90989
5 0.016 0.0513833 5.90988
5.1 0.016 0.0513833 5.90987
5.2 0.016 0.0513833 5.90985
5.3 0.016 0.0513833 5.90984
5.4 0.016 0.0513833 5.90983
5.5 0.016 0.0513833 5.90982
5.6 0.016 0.0513833 5.9098
5.7 0.016 0.0513833 5.90979
5.8 0.016 0.0513833 5.90977
5.9 0.016 0.0513833 5.90976
6 0.016 0.0513833 5.90974
6.1 0.016 0.0513833 5.90972
6.2 0.016 0.0513833 5.9097
6.3 0.016 0.0513833 5.90968
6.4 0.016 0.0513833 5.90965
6.5 0.016 0.0513833 5.90962
6.6 0.016 0.0513833 5.90959
6.7 0.016 0.0513834 5.90955
6.8 0.016 0.0513834 5.90951
6.9 0.016 0.0513834 5.90945
7 0.016 0.0513835 5.90937
7.1 0.016 0.0513835 5.90925
7.2 0.016 0.0513837 5.90907
7.3 0.016 0.0513839 5.9088
7.4 0.016 0.0513842 5.90837
7.5 0.016 0.0513848 5.90768
7.6 0.016 0.0513858 5.90658
7.7 0.016 0.0513872 5.90487
7.8 0.016 0.0513895 5.90221
7.9 0.016 0.051393 5.89818
8 0.016 0.0513981 5.89215
8.1 0.016 0.0514057 5.88331
8.2 0.016 0.0514165 5.8706
8.3 0.016 0.0514317 5.85267
8.4 0.016 0.0514526 5.82789
8.5 0.016 0.0514808 5.7943
8.6 0.016 0.0515182 5.74968
8.7 0.016 0.0515668 5.69159
8.8 0.016 0.0516287 5.61748
8.9 0.016 0.0517059 5.52481
9 0.016 0.0518005 5.41124
9.1 0.016 0.0519141 5.27485
9.2 0.016 0.0520479 5.11429
9.3 0.016 0.0522022 4.92899
9.4 0.016 0.0523743 4.71932
9.5 0.016 0.0525407 4.49228
9.6 0.016 0.0525352 4.36431
9.7 0.016 0.0514616 5.21515
9.8 0.016 0.0461075 26.7405
9.9 0.016 0.0447982 27.5731

0 0.018 0.29743 0
0.1 0.018 0.295458 7.00458
0.2 0.018 0.28954 6.20194
0.3 0.018 0.278535 6.09911
0.4 0.018 0.263586 6.13379
0.5 0.018 0.245741 6.20643
0.6 0.018 0.225985 6.28416
0.7 0.018 0.205253 6.35266
0.8 0.018 0.184411 6.40455
0.9 0.018 0.164215 6.43552
1 0.018 0.145276 6.44314
1.1 0.018 0.128041 6.42665
1.2 0.018 0.11279 6.38736
1.3 0.018 0.0996471 6.32896
1.4 0.018 0.0886052 6.25753
1.5 0.018 0.0795515 6.18074
1.6 0.018 0.0723017 6.10665
1.7 0.018 0.0666289 6.04205
1.8 0.018 0.0622891 5.99113
1.9 0.018 0.0590424 5.95501
2 0.018 0.0566662 5.93214
2.1 0.018 0.0549646 5.91941
2.2 0.018 0.0537723 5.91343
2.3 0.018 0.0529545 5.91135
2.4 0.018 0.0524056 5.91118
2.5 0.018 0.0520448 5.91176
2.6 0.018 0.0518126 5.91248
2.7 0.018 0.0516663 5.91311
2.8 0.018 0.051576 5.91357
2.9 0.018 0.0515214 5.91389
3 0.018 0.051489 5.91408
3.1 0.018 0.0514703 5.9142
3.2 0.018 0.0514596 5.91427
3.3 0.018 0.0514536 5.9143
3.4 0.018 0.0514504 5.91431
3.5 0.018 0.0514486 5.91431
3.6 0.018 0.0514477 5.91431
3.7 0.018 0.0514473 5.9143
3.8 0.018 0.051447 5.91429
3.9 0.018 0.0514469 5.91428
4 0.018 0.0514469 5.91427
4.1 0.018 0.0514468 5.91425
4.2 0.018 0.0514468 5.91424
4.3 0.018 0.0514468 5.91423
4.4 0.018 0.0514468 5.91421
4.5 0.018 0.0514468 5.9142
4.6 0.018 0.0514468 5.91419
4.7 0.018 0.0514469 5.91417
4.8 0.018 0.0514469 5.91416
4.9 0.018 0.0514469 5.91414
5 0.018 0.0514469 5.91413
5.1 0.018 0.0514469 5.91411
5.2 0.018 0.0514469 5.9141
5.3 0.018 0.0514469 5.91408
5.4 0.018 0.0514469 5.91407
5.5 0.018 0.0514469 5.91405
5.6 0.018 0.0514469 5.91403
5.7 0.018 0.0514469 5.91402
5.8 0.018 0.0514469 5.914
5.9 0.018 0.0514469 5.91398
6 0.018 0.0514469 5.91396
6.1 0.018 0.0514469 5.91394
6.2 0.018 0.0514469 5.91391
6.3 0.018 0.051447 5.91389
6.4 0.018 0.051447 5.91386
6.5 0.018 0.051447 5.91382
6.6 0.018 0.051447 5.91378
6.7 0.018 0.051447 5.91374
6.8 0.018 0.051447 5.91369
6.9 0.018 0.0514471 5.91362
7 0.018 0.0514471 5.91353
7.1 0.018 0.0514472 5.91341
7.2 0.018 0.0514474 5.91323
7.3 0.018 0.0514476 5.91294
7.4 0.018 0.051448 5.9125
7.5 0.018 0.0514487 5.9118
7.6 0.018 0.0514498 5.91069
7.7 0.018 0.0514515 5.90896
7.8 0.018 0.051454 5.9063
7.9 0.018 0.051458 5.90225
8 0.018 0.0514638 5.89621
8.1 0.018 0.0514724 5.88735
8.2 0.018 0.0514847 5.87463
8.3 0.018 0.0515019 5.85669
8.4 0.018 0.0515255 5.8319
8.5 0.018 0.0515575 5.7983
8.6 0.018 0.0515998 5.75369
8.7 0.018 0.0516547 5.69562
8.8 0.018 0.0517245 5.62154
8.9 0.018 0.0518117 5.52894
9 0.018 0.0519185 5.41548
9.1 0.018 0.0520467 5.27923
9.2 0.018 0.0521976 5.11888
9.3 0.018 0.0523714 4.93384
9.4 0.018 0.052563 4.7246
9.5 0.018 0.0527329 4.50432
9.6 0.018 0.0526336 4.45197
9.7 0.018 0.051109 5.60166
9.8 0.018 0.0445892 29.4019
9.9 0.018 0.0428337 30.2845

0 0.02 0.296237 0
0.1 0.02 0.294379 7.18022
0.2 0.02 0.288805 6.23747
0.3 0.02 0.277963 6.11049
0.4 0.02 0.263113 6.13841
0.5 0.02 0.245351 6.20962
0.6 0.02 0.225677 6.28878
0.7 0.02 0.205031 6.36021
0.8 0.02 0.184277 6.41556
0.9 0.02 0.164164 6.44983
1 0.02 0.145298 6.45998
1.1 0.02 0.128124 6.44487
1.2 0.02 0.11292 6.4056
1.3 0.02 0.099809 6.34581
1.4 0.02 0.088785 6.27172
1.5 0.02 0.0797375 6.19135
1.6 0.02 0.0724846 6.11318
1.7 0.02 0.0668021 6.0445
1.8 0.02 0.0624489 5.98995
1.9 0.02 0.059187 5.95093
2 0.02 0.0567957 5.92599
2.1 0.02 0.0550802 5.91196
2.2 0.02 0.0538759 5.90526
2.3 0.02 0.0530483 5.90284
2.4 0.02 0.0524917 5.90256
2.5 0.02 0.0521251 5.90314
2.6 0.02 0.0518887 5.9039
2.7 0.02 0.0517394 5.90457
2.8 0.02 0.0516471 5.90507
2.9 0.02 0.0515911 5.90541
3 0.02 0.0515579 5.90562
3.1 0.02 0.0515385 5.90575
3.2 0.02 0.0515275 5.90582
3.3 0.02 0.0515214 5.90585
3.4 0.02 0.051518 5.90587
3.5 0.02 0.0515162 5.90587
3.6 0.02 0.0515152 5.90586
3.7 0.02 0.0515148 5.90585
3.8 0.02 0.0515145 5.90584
3.9 0.02 0.0515144 5.90583
4 0.02 0.0515143 5.90581
4.1 0.02 0.0515143 5.9058
4.2 0.02 0.0515143 5.90578
4.3 0.02 0.0515143 5.90576
4.4 0.02 0.0515143 5.90575
4.5 0.02 0.0515143 5.90573
4.6 0.02 0.0515143 5.90571
4.7 0.02 0.0515143 5.90569
4.8 0.02 0.0515143 5.90568
4.9 0.02 0.0515143 5.90566
5 0.02 0.0515144 5.90564
5.1 0.02 0.0515144 5.90562
5.2 0.02 0.0515144 5.90561
5.3 0.02 0.0515144 5.90559
5.4 0.02 0.0515144 5.90557
5.5 0.02 0.0515144 5.90555
5.6 0.02 0.0515144 5.90553
5.7 0.02 0.0515144 5.90551
5.8 0.02 0.0515144 5.90549
5.9 0.02 0.0515144 5.90546
6 0.02 0.0515144 5.90544
6.1 0.02 0.0515144 5.90541
6.2 0.02 0.0515145 5.90539
6.3 0.02 0.0515145 5.90535
6.4 0.02 0.0515145 5.90532
6.5 0.02 0.0515145 5.90528
6.6 0.02 0.0515145 5.90524
6.7 0.02 0.0515145 5.90519
6.8 0.02 0.0515146 5.90513
6.9 0.02 0.0515146 5.90506
7 0.02 0.0515147 5.90496
7.1 0.02 0.0515148 5.90483
7.2 0.02 0.051515 5.90464
7.3 0.02 0.0515153 5.90435
7.4 0.02 0.0515157 5.90389
7.5 0.02 0.0515165 5.90318
7.6 0.02 0.0515177 5.90206
7.7 0.02 0.0515196 5.90032
7.8 0.02 0.0515225 5.89764
7.9 0.02 0.0515269 5.89358
8 0.02 0.0515335 5.88753
8.1 0.02 0.0515431 5.87867
8.2 0.02 0.0515568 5.86594
8.3 0.02 0.0515761 5.84799
8.4 0.02 0.0516025 5.8232
8.5 0.02 0.0516382 5.78962
8.6 0.02 0.0516855 5.74503
8.7 0.02 0.0517467 5.687
8.8 0.02 0.0518246 5.61299
8.9 0.02 0.0519219 5.52048
9 0.02 0.0520409 5.40717
9.1 0.02 0.0521837 5.27114
9.2 0.02 0.0523518 5.11105
9.3 0.02 0.0525449 4.92631
9.4 0.02 0.0527541 4.71781
9.5 0.02 0.0529176 4.50872
9.6 0.02 0.0526885 4.55411
9.7 0.02 0.0506502 6.01144
9.8 0.02 0.0429877 31.8086
9.9 0.02 0.0407478 32.7246

0 0.022 0.294981 0
0.1 0.022 0.293249 7.38522
0.2 0.022 0.288051 6.26801
0.3 0.022 0.27739 6.11334
0.4 0.022 0.262645 6.13408
0.5 0.022 0.244967 6.20292
0.6 0.022 0.225375 6.28233
0.7 0.022 0.204814 6.35552
0.8 0.022 0.184145 6.41329
0.9 0.022 0.164113 6.44999
1 0.022 0.14532 6.46213
1.1 0.022 0.128206 6.44818
1.2 0.022 0.113048 6.40901
1.3 0.022 0.0999696 6.34822
1.4 0.022 0.0889642 6.27208
1.5 0.022 0.0799235 6.18883
1.6 0.022 0.0726683 6.1073
1.7 0.022 0.0669769 6.03516
1.8 0.022 0.0626107 5.97745
1.9 0.022 0.0593339 5.93585
2 0.022 0.0569277 5.90902
2.1 0.022 0.0551985 5.89376
2.2 0.022 0.0539822 5.88636
2.3 0.022 0.0531448 5.8836
2.4 0.022 0.0525805 5.8832
2.5 0.022 0.052208 5.88376
2.6 0.022 0.0519674 5.88454
2.7 0.022 0.0518151 5.88525
2.8 0.022 0.0517207 5.88578
2.9 0.022 0.0516633 5.88614
3 0.022 0.0516292 5.88637
3.1 0.022 0.0516093 5.88651
3.2 0.022 0.051598 5.88659
3.3 0.022 0.0515916 5.88663
3.4 0.022 0.0515881 5.88664
3.5 0.022 0.0515862 5.88664
3.6 0.022 0.0515852 5.88663
3.7 0.022 0.0515847 5.88662
3.8 0.022 0.0515845 5.8866
3.9 0.022 0.0515843 5.88659
4 0.022 0.0515843 5.88657
4.1 0.022 0.0515843 5.88655
4.2 0.022 0.0515843 5.88653
4.3 0.022 0.0515843 5.88651
4.4 0.022 0.0515843 5.88649
4.5 0.022 0.0515843 5.88647
4.6 0.022 0.0515843 5.88645
4.7 0.022 0.0515843 5.88643
4.8 0.022 0.0515843 5.88641
4.9 0.022 0.0515843 5.88639
5 0.022 0.0515843 5.88637
5.1 0.022 0.0515843 5.88635
5.2 0.022 0.0515843 5.88632
5.3 0.022 0.0515843 5.8863
5.4 0.022 0.0515844 5.88628
5.5 0.022 0.0515844 5.88626
5.6 0.022 0.0515844 5.88623
5.7 0.022 0.0515844 5.88621
5.8 0.022 0.0515844 5.88618
5.9 0.022 0.0515844 5.88616
6 0.022 0.0515844 5.88613
6.1 0.022 0.0515844 5.8861
6.2 0.022 0.0515844 5.88607
6.3 0.022 0.0515845 5.88603
6.4 0.022 0.0515845 5.88599
6.5 0.022 0.0515845 5.88595
6.6 0.022 0.0515845 5.8859
6.7 0.022 0.0515846 5.88585
6.8 0.022 0.0515846 5.88578
6.9 0.022 0.0515847 5.8857
7 0.022 0.0515847 5.8856
7.1 0.022 0.0515849 5.88546
7.2 0.022 0.0515851 5.88526
7.3 0.022 0.0515854 5.88496
7.4 0.022 0.0515859 5.88449
7.5 0.022 0.0515868 5.88377
7.6 0.022 0.0515881 5.88264
7.7 0.022 0.0515902 5.88089
7.8 0.022 0.0515935 5.8782
7.9 0.022 0.0515984 5.87413
8 0.022 0.0516057 5.86807
8.1 0.022 0.0516163 5.8592
8.2 0.022 0.0516316 5.84646
8.3 0.022 0.0516529 5.82852
8.4 0.022 0.0516822 5.80374
8.5 0.022 0.0517216 5.77018
8.6 0.022 0.0517738 5.72563
8.7 0.022 0.0518415 5.66766
8.8 0.022 0.0519275 5.59374
8.9 0.022 0.0520349 5.50137
9 0.022 0.0521662 5.38825
9.1 0.022 0.0523237 5.25246
9.2 0.022 0.052509 5.09269
9.3 0.022 0.052721 4.90828
9.4 0.022 0.0529453 4.70104
9.5 0.022 0.0530901 4.50896
9.6 0.022 0.0526933 4.67366
9.7 0.022 0.0500904 6.44001
9.8 0.022 0.0413339 33.9788
9.9 0.022 0.0385854 34.9108

0 0.024 0.293631 0
0.1 0.024 0.29204 7.57812
0.2 0.024 0.287267 6.29054
0.3 0.024 0.276807 6.10499
0.4 0.024 0.262175 6.1185
0.5 0.024 0.244583 6.18426
0.6 0.024 0.225074 6.26292
0.7 0.024 0.204597 6.33683
0.8 0.024 0.184012 6.39608
0.9 0.024 0.16406 6.43444
1 0.024 0.145339 6.44799
1.1 0.024 0.128285 6.43489
1.2 0.024 0.113174 6.39581
1.3 0.024 0.100128 6.33423
1.4 0.024 0.0891413 6.25646
1.5 0.024 0.0801083 6.17086
1.6 0.024 0.0728514 6.0865
1.7 0.024 0.0671517 6.01138
1.8 0.024 0.0627731 5.95088
1.9 0.024 0.059482 5.90693
2 0.024 0.0570612 5.87834
2.1 0.024 0.0553184 5.86189
2.2 0.024 0.0540902 5.85379
2.3 0.024 0.053243 5.85068
2.4 0.024 0.0526709 5.85013
2.5 0.024 0.0522926 5.85064
2.6 0.024 0.0520476 5.85144
2.7 0.024 0.0518922 5.85217
2.8 0.024 0.0517957 5.85273
2.9 0.024 0.051737 5.85311
3 0.024 0.051702 5.85335
3.1 0.024 0.0516815 5.8535
3.2 0.024 0.0516698 5.85358
3.3 0.024 0.0516632 5.85362
3.4 0.024 0.0516596 5.85363
3.5 0.024 0.0516576 5.85363
3.6 0.024 0.0516566 5.85362
3.7 0.024 0.0516561 5.85361
3.8 0.024 0.0516558 5.85359
3.9 0.024 0.0516557 5.85357
4 0.024 0.0516556 5.85355
4.1 0.024 0.0516556 5.85352
4.2 0.024 0.0516556 5.8535
4.3 0.024 0.0516556 5.85348
4.4 0.024 0.0516556 5.85345
4.5 0.024 0.0516556 5.85343
4.6 0.024 0.0516556 5.85341
4.7 0.024 0.0516556 5.85338
4.8 0.024 0.0516557 5.85336
4.9 0.024 0.0516557 5.85333
5 0.024 0.0516557 5.85331
5.1 0.024 0.0516557 5.85328
5.2 0.024 0.0516557 5.85326
5.3 0.024 0.0516557 5.85323
5.4 0.024 0.0516557 5.85321
5.5 0.024 0.0516557 5.85318
5.6 0.024 0.0516557 5.85315
5.7 0.024 0.0516558 5.85313
5.8 0.024 0.0516558 5.8531
5.9 0.024 0.0516558 5.85307
6 0.024 0.0516558 5.85303
6.1 0.024 0.0516558 5.853
6.2 0.024 0.0516558 5.85296
6.3 0.024 0.0516559 5.85292
6.4 0.024 0.0516559 5.85288
6.5 0.024 0.0516559 5.85283
6.6 0.024 0.0516559 5.85278
6.7 0.024 0.051656 5.85272
6.8 0.024 0.051656 5.85265
6.9 0.024 0.0516561 5.85256
7 0.024 0.0516562 5.85245
7.1 0.024 0.0516563 5.8523
7.2 0.024 0.0516566 5.85209
7.3 0.024 0.0516569 5.85178
7.4 0.024 0.0516575 5.85131
7.5 0.024 0.0516585 5.85057
7.6 0.024 0.0516599 5.84944
7.7 0.024 0.0516623 5.84767
7.8 0.024 0.0516659 5.84498
7.9 0.024 0.0516713 5.8409
8 0.024 0.0516794 5.83483
8.1 0.024 0.0516911 5.82596
8.2 0.024 0.0517078 5.81322
8.3 0.024 0.0517312 5.79529
8.4 0.024 0.0517633 5.77053
8.5 0.024 0.0518066 5.73701
8.6 0.024 0.0518638 5.69251
8.7 0.024 0.0519379 5.63463
8.8 0.024 0.0520322 5.56083
8.9 0.024 0.0521496 5.46863
9 0.024 0.0522933 5.35574
9.1 0.024 0.0524657 5.22025
9.2 0.024 0.0526681 5.06084
9.3 0.024 0.0528984 4.87684
9.4 0.024 0.0531343 4.67171
9.5 0.024 0.0532459 4.50375
9.6 0.024 0.0526431 4.80761
9.7 0.024 0.0494371 6.87845
9.8 0.024 0.0396541 35.9266
9.9 0.024 0.0363863 36.8557

0 0.026 0.292216 0
0.1 0.026 0.290774 7.76216
0.2 0.026 0.286447 6.30683
0.3 0.026 0.276208 6.09028
0.4 0.026 0.261696 6.09707
0.5 0.026 0.244195 6.15942
0.6 0.026 0.22477 6.23656
0.7 0.026 0.204377 6.31035
0.8 0.026 0.183876 6.37027
0.9 0.026 0.164003 6.40961
1 0.026 0.145353 6.42406
1.1 0.026 0.12836 6.41152
1.2 0.026 0.113295 6.37245
1.3 0.026 0.100282 6.31023
1.4 0.026 0.0893154 6.23113
1.5 0.026 0.0802906 6.1436
1.6 0.026 0.0730328 6.05686
1.7 0.026 0.0673256 5.97918
1.8 0.026 0.0629351 5.9162
1.9 0.026 0.0596301 5.87012
2 0.026 0.057195 5.83988
2.1 0.026 0.0554388 5.82231
2.2 0.026 0.0541989 5.81351
2.3 0.026 0.0533419 5.81003
2.4 0.026 0.052762 5.80931
2.5 0.026 0.0523778 5.80977
2.6 0.026 0.0521285 5.81056
2.7 0.026 0.05197 5.81131
2.8 0.026 0.0518714 5.81188
2.9 0.026 0.0518112 5.81228
3 0.026 0.0517753 5.81254
3.1 0.026 0.0517542 5.81269
3.2 0.026 0.0517421 5.81277
3.3 0.026 0.0517353 5.81281
3.4 0.026 0.0517316 5.81283
3.5 0.026 0.0517296 5.81282
3.6 0.026 0.0517285 5.81281
3.7 0.026 0.0517279 5.81279
3.8 0.026 0.0517277 5.81277
3.9 0.026 0.0517275 5.81275
4 0.026 0.0517275 5.81272
4.1 0.026 0.0517275 5.8127
4.2 0.026 0.0517275 5.81267
4.3 0.026 0.0517275 5.81265
4.4 0.026 0.0517275 5.81262
4.5 0.026 0.0517275 5.81259
4.6 0.026 0.0517275 5.81256
4.7 0.026 0.0517275 5.81253
4.8 0.026 0.0517275 5.81251
4.9 0.026 0.0517275 5.81248
5 0.026 0.0517275 5.81245
5.1 0.026 0.0517276 5.81242
5.2 0.026 0.0517276 5.81239
5.3 0.026 0.0517276 5.81236
5.4 0.026 0.0517276 5.81233
5.5 0.026 0.0517276 5.8123
5.6 0.026 0.0517276 5.81227
5.7 0.026 0.0517277 5.81224
5.8 0.026 0.0517277 5.81221
5.9 0.026 0.0517277 5.81217
6 0.026 0.0517277 5.81214
6.1 0.026 0.0517277 5.8121
6.2 0.026 0.0517278 5.81206
6.3 0.026 0.0517278 5.81201
6.4 0.026 0.0517278 5.81196
6.5 0.026 0.0517278 5.81191
6.6 0.026 0.0517279 5.81185
6.7 0.026 0.0517279 5.81178
6.8 0.026 0.051728 5.81171
6.9 0.026 0.051728 5.81161
7 0.026 0.0517282 5.8115
7.1 0.026 0.0517283 5.81134
7.2 0.026 0.0517286 5.81112
7.3 0.026 0.051729 5.8108
7.4 0.026 0.0517296 5.81032
7.5 0.026 0.0517307 5.80958
7.6 0.026 0.0517323 5.80843
7.7 0.026 0.0517349 5.80666
7.8 0.026 0.0517388 5.80395
7.9 0.026 0.0517448 5.79986
8 0.026 0.0517536 5.79379
8.1 0.026 0.0517664 5.78492
8.2 0.026 0.0517846 5.77219
8.3 0.026 0.0518101 5.75428
8.4 0.026 0.0518452 5.72954
8.5 0.026 0.0518923 5.69606
8.6 0.026 0.0519545 5.65163
8.7 0.026 0.0520352 5.59385
8.8 0.026 0.0521376 5.52019
8.9 0.026 0.0522652 5.42819
9 0.026 0.0524213 5.31555
9.1 0.026 0.0526085 5.1804
9.2 0.026 0.052828 5.02136
9.3 0.026 0.0530758 4.83784
9.4 0.026 0.0533188 4.63604
9.5 0.026 0.0533807 4.50027
9.6 0.026 0.0525343 4.96042
9.7 0.026 0.0486994 7.32695
9.8 0.026 0.0379698 37.6833
9.9 0.026 0.0341845 38.5876

0 0.028 0.290689 0
0.1 0.028 0.289413 7.99695
0.2 0.028 0.285584 6.31546
0.3 0.028 0.275587 6.06509
0.4 0.028 0.261205 6.06581
0.5 0.028 0.243799 6.12463
0.6 0.028 0.224459 6.19965
0.7 0.028 0.204152 6.27252
0.8 0.028 0.183733 6.33236
0.9 0.028 0.16394 6.37202
1 0.028 0.145362 6.38685
1.1 0.028 0.128429 6.37453
1.2 0.028 0.113411 6.33532
1.3 0.028 0.100431 6.27247
1.4 0.028 0.0894855 6.19222
1.5 0.028 0.0804698 6.10303
1.6 0.028 0.0732119 6.01423
1.7 0.028 0.0674978 5.93426
1.8 0.028 0.0630961 5.86903
1.9 0.028 0.0597776 5.82095
2 0.028 0.0573286 5.78913
2.1 0.028 0.0555591 5.77043
2.2 0.028 0.0543076 5.76091
2.3 0.028 0.0534408 5.75702
2.4 0.028 0.0528532 5.7561
2.5 0.028 0.052463 5.75647
2.6 0.028 0.0522094 5.75724
2.7 0.028 0.0520478 5.75799
2.8 0.028 0.0519471 5.75858
2.9 0.028 0.0518855 5.75899
3 0.028 0.0518486 5.75925
3.1 0.028 0.0518269 5.75941
3.2 0.028 0.0518144 5.75949
3.3 0.028 0.0518074 5.75953
3.4 0.028 0.0518035 5.75954
3.5 0.028 0.0518014 5.75954
3.6 0.028 0.0518003 5.75952
3.7 0.028 0.0517997 5.7595
3.8 0.028 0.0517994 5.75948
3.9 0.028 0.0517993 5.75945
4 0.028 0.0517993 5.75943
4.1 0.028 0.0517992 5.7594
4.2 0.028 0.0517992 5.75937
4.3 0.028 0.0517992 5.75934
4.4 0.028 0.0517993 5.7593
4.5 0.028 0.0517993 5.75927
4.6 0.028 0.0517993 5.75924
4.7 0.028 0.0517993 5.75921
4.8 0.028 0.0517993 5.75918
4.9 0.028 0.0517993 5.75914
5 0.028 0.0517993 5.75911
5.1 0.028 0.0517994 5.75908
5.2 0.028 0.0517994 5.75905
5.3 0.028 0.0517994 5.75901
5.4 0.028 0.0517994 5.75898
5.5 0.028 0.0517994 5.75895
5.6 0.028 0.0517995 5.75891
5.7 0.028 0.0517995 5.75887
5.8 0.028 0.0517995 5.75884
5.9 0.028 0.0517995 5.7588
6 0.028 0.0517995 5.75876
6.1 0.028 0.0517996 5.75872
6.2 0.028 0.0517996 5.75867
6.3 0.028 0.0517996 5.75862
6.4 0.028 0.0517997 5.75857
6.5 0.028 0.0517997 5.75851
6.6 0.028 0.0517997 5.75844
6.7 0.028 0.0517998 5.75837
6.8 0.028 0.0517999 5.75829
6.9 0.028 0.0517999 5.75819
7 0.028 0.0518001 5.75806
7.1 0.028 0.0518003 5.7579
7.2 0.028 0.0518005 5.75767
7.3 0.028 0.051801 5.75734
7.4 0.028 0.0518017 5.75685
7.5 0.028 0.0518029 5.7561
7.6 0.028 0.0518047 5.75494
7.7 0.028 0.0518075 5.75316
7.8 0.028 0.0518118 5.75044
7.9 0.028 0.0518182 5.74635
8 0.028 0.0518278 5.74028
8.1 0.028 0.0518417 5.73141
8.2 0.028 0.0518615 5.71869
8.3 0.028 0.0518891 5.7008
8.4 0.028 0.051927 5.6761
8.5 0.028 0.0519781 5.64268
8.6 0.028 0.0520454 5.59833
8.7 0.028 0.0521325 5.54067
8.8 0.028 0.0522432 5.46718
8.9 0.028 0.0523811 5.3754
9 0.028 0.0525497 5.26306
9.1 0.028 0.0527517 5.12828
9.2 0.028 0.0529881 4.96967
9.3 0.028 0.0532522 4.78677
9.4 0.028 0.0534969 4.59001
9.5 0.028 0.0534908 4.49525
9.6 0.028 0.0523653 5.12558
9.7 0.028 0.047887 7.77585
9.8 0.028 0.0362983 39.2603
9.9 0.028 0.0320082 40.1167

0 0.03 0.289086 0
0.1 0.03 0.287983 8.15232
0.2 0.03 0.284675 6.32195
0.3 0.03 0.274941 6.03481
0.4 0.03 0.260697 6.02998
0.5 0.03 0.24339 6.08547
0.6 0.03 0.22414 6.158
0.7 0.03 0.203918 6.22935
0.8 0.03 0.183584 6.28847
0.9 0.03 0.16387 6.32788
1 0.03 0.145364 6.34265
1.1 0.03 0.128491 6.33022
1.2 0.03 0.113521 6.2907
1.3 0.03 0.100576 6.22723
1.4 0.03 0.089651 6.14595
1.5 0.03 0.0806453 6.05532
1.6 0.03 0.073388 5.9647
1.7 0.03 0.0676677 5.8827
1.8 0.03 0.0632554 5.81541
1.9 0.03 0.059924 5.76546
2 0.03 0.0574613 5.73212
2.1 0.03 0.0556789 5.71231
2.2 0.03 0.0544158 5.70206
2.3 0.03 0.0535394 5.69773
2.4 0.03 0.052944 5.69658
2.5 0.03 0.0525479 5.69685
2.6 0.03 0.0522899 5.69758
2.7 0.03 0.0521252 5.69832
2.8 0.03 0.0520223 5.69891
2.9 0.03 0.0519592 5.69933
3 0.03 0.0519213 5.69959
3.1 0.03 0.051899 5.69975
3.2 0.03 0.0518862 5.69984
3.3 0.03 0.0518789 5.69988
3.4 0.03 0.0518749 5.69989
3.5 0.03 0.0518727 5.69988
3.6 0.03 0.0518716 5.69986
3.7 0.03 0.051871 5.69984
3.8 0.03 0.0518707 5.69981
3.9 0.03 0.0518706 5.69978
4 0.03 0.0518705 5.69975
4.1 0.03 0.0518705 5.69972
4.2 0.03 0.0518705 5.69968
4.3 0.03 0.0518705 5.69965
4.4 0.03 0.0518705 5.69962
4.5 0.03 0.0518705 5.69958
4.6 0.03 0.0518705 5.69954
4.7 0.03 0.0518706 5.69951
4.8 0.03 0.0518706 5.69947
4.9 0.03 0.0518706 5.69943
5 0.03 0.0518706 5.6994
5.1 0.03 0.0518706 5.69936
5.2 0.03 0.0518707 5.69932
5.3 0.03 0.0518707 5.69929
5.4 0.03 0.0518707 5.69925
5.5 0.03 0.0518707 5.69921
5.6 0.03 0.0518708 5.69917
5.7 0.03 0.0518708 5.69913
5.8 0.03 0.0518708 5.69909
5.9 0.03 0.0518708 5.69905
6 0.03 0.0518709 5.699
6.1 0.03 0.0518709 5.69895
6.2 0.03 0.0518709 5.6989
6.3 0.03 0.051871 5.69885
6.4 0.03 0.051871 5.69879
6.5 0.03 0.051871 5.69873
6.6 0.03 0.0518711 5.69866
6.7 0.03 0.0518711 5.69858
6.8 0.03 0.0518712 5.69849
6.9 0.03 0.0518713 5.69838
7 0.03 0.0518715 5.69825
7.1 0.03 0.0518717 5.69808
7.2 0.03 0.051872 5.69784
7.3 0.03 0.0518725 5.6975
7.4 0.03 0.0518733 5.697
7.5 0.03 0.0518745 5.69624
7.6 0.03 0.0518765 5.69507
7.7 0.03 0.0518795 5.69328
7.8 0.03 0.0518842 5.69056
7.9 0.03 0.0518912 5.68647
8 0.03 0.0519015 5.68039
8.1 0.03 0.0519165 5.67153
8.2 0.03 0.0519379 5.65882
8.3 0.03 0.0519677 5.64095
8.4 0.03 0.0520085 5.6163
8.5 0.03 0.0520635 5.58294
8.6 0.03 0.0521359 5.53868
8.7 0.03 0.0522296 5.48116
8.8 0.03 0.0523486 5.40785
8.9 0.03 0.0524968 5.31632
9 0.03 0.0526778 5.2043
9.1 0.03 0.0528947 5.06992
9.2 0.03 0.0531477 4.91174
9.3 0.03 0.0534265 4.72965
9.4 0.03 0.0536663 4.54012
9.5 0.03 0.0535729 4.49542
9.6 0.03 0.0521355 5.30625
9.7 0.03 0.0470102 8.22652
9.8 0.03 0.0346534 40.6878
9.9 0.03 0.0298807 41.4708

0 0.032 0.287373 0
0.1 0.032 0.286458 8.44299
0.2 0.032 0.283714 6.33093
0.3 0.032 0.274268 5.99817
0.4 0.032 0.260171 5.98761
0.5 0.032 0.242968 6.0401
0.6 0.032 0.223808 6.10994
0.7 0.032 0.203675 6.17923
0.8 0.032 0.183426 6.23704
0.9 0.032 0.163793 6.27566
1 0.032 0.145358 6.28991
1.1 0.032 0.128547 6.27703
1.2 0.032 0.113625 6.237
1.3 0.032 0.100715 6.17283
1.4 0.032 0.0898118 6.09056
1.5 0.032 0.0808167 5.9986
1.6 0.032 0.0735609 5.90633
1.7 0.032 0.0678351 5.82244
1.8 0.032 0.0634128 5.75321
1.9 0.032 0.0600688 5.70147
2 0.032 0.0575929 5.66663
2.1 0.032 0.0557978 5.64568
2.2 0.032 0.0545233 5.63467
2.3 0.032 0.0536373 5.62987
2.4 0.032 0.0530342 5.62845
2.5 0.032 0.0526322 5.62858
2.6 0.032 0.0523697 5.62925
2.7 0.032 0.0522019 5.62997
2.8 0.032 0.0520967 5.63055
2.9 0.032 0.0520322 5.63096
3 0.032 0.0519934 5.63123
3.1 0.032 0.0519705 5.63139
3.2 0.032 0.0519572 5.63148
3.3 0.032 0.0519497 5.63151
3.4 0.032 0.0519456 5.63152
3.5 0.032 0.0519433 5.63151
3.6 0.032 0.0519421 5.63149
3.7 0.032 0.0519415 5.63147
3.8 0.032 0.0519412 5.63144
3.9 0.032 0.051941 5.6314
4 0.032 0.051941 5.63137
4.1 0.032 0.051941 5.63133
4.2 0.032 0.051941 5.63129
4.3 0.032 0.051941 5.63125
4.4 0.032 0.051941 5.63121
4.5 0.032 0.051941 5.63117
4.6 0.032 0.051941 5.63113
4.7 0.032 0.0519411 5.63109
4.8 0.032 0.0519411 5.63105
4.9 0.032 0.0519411 5.63101
5 0.032 0.0519411 5.63097
5.1 0.032 0.0519412 5.63093
5.2 0.032 0.0519412 5.63089
5.3 0.032 0.0519412 5.63085
5.4 0.032 0.0519412 5.63081
5.5 0.032 0.0519413 5.63076
5.6 0.032 0.0519413 5.63072
5.7 0.032 0.0519413 5.63067
5.8 0.032 0.0519413 5.63063
5.9 0.032 0.0519414 5.63058
6 0.032 0.0519414 5.63053
6.1 0.032 0.0519414 5.63048
6.2 0.032 0.0519415 5.63042
6.3 0.032 0.0519415 5.63036
6.4 0.032 0.0519416 5.6303
6.5 0.032 0.0519416 5.63023
6.6 0.032 0.0519417 5.63015
6.7 0.032 0.0519418 5.63007
6.8 0.032 0.0519418 5.62997
6.9 0.032 0.051942 5.62986
7 0.032 0.0519421 5.62972
7.1 0.032 0.0519423 5.62954
7.2 0.032 0.0519427 5.6293
7.3 0.032 0.0519432 5.62895
7.4 0.032 0.0519441 5.62844
7.5 0.032 0.0519455 5.62767
7.6 0.032 0.0519476 5.62649
7.7 0.032 0.0519509 5.6247
7.8 0.032 0.0519559 5.62197
7.9 0.032 0.0519634 5.61787
8 0.032 0.0519746 5.61179
8.1 0.032 0.0519907 5.60294
8.2 0.032 0.0520136 5.59025
8.3 0.032 0.0520456 5.57241
8.4 0.032 0.0520894 5.5478
8.5 0.032 0.0521483 5.51451
8.6 0.032 0.0522259 5.47037
8.7 0.032 0.0523262 5.41299
8.8 0.032 0.0524535 5.33989
8.9 0.032 0.052612 5.24863
9 0.032 0.0528056 5.13696
9.1 0.032 0.0530372 5.003
9.2 0.032 0.0533065 4.84529
9.3 0.032 0.053598 4.66435
9.4 0.032 0.0538254 4.48472
9.5 0.032 0.0536241 4.49908
9.6 0.032 0.0518459 5.49721
9.7 0.032 0.0460793 8.67256
9.8 0.032 0.0330456 41.9782
9.9 0.032 0.0278196 42.6614

0 0.034 0.285557 0
0.1 0.034 0.284841 8.58297
0.2 0.034 0.282694 6.34236
0.3 0.034 0.273563 5.95711
0.4 0.034 0.259624 5.93975
0.5 0.034 0.242529 5.98966
0.6 0.034 0.223464 6.05677
0.7 0.034 0.203421 6.1236
0.8 0.034 0.183259 6.17958
0.9 0.034 0.163707 6.21691
1 0.034 0.145345 6.23021
1.1 0.034 0.128595 6.21655
1.2 0.034 0.113723 6.17578
1.3 0.034 0.100848 6.11078
1.4 0.034 0.0899676 6.0275
1.5 0.034 0.080984 5.93426
1.6 0.034 0.0737303 5.84043
1.7 0.034 0.0679998 5.75476
1.8 0.034 0.063568 5.68366
1.9 0.034 0.060212 5.63016
2 0.034 0.0577233 5.59381
2.1 0.034 0.0559157 5.57171
2.2 0.034 0.05463 5.55988
2.3 0.034 0.0537345 5.55455
2.4 0.034 0.0531237 5.55282
2.5 0.034 0.0527157 5.55279
2.6 0.034 0.0524488 5.55337
2.7 0.034 0.0522778 5.55405
2.8 0.034 0.0521704 5.55461
2.9 0.034 0.0521044 5.55502
3 0.034 0.0520645 5.55528
3.1 0.034 0.052041 5.55544
3.2 0.034 0.0520274 5.55552
3.3 0.034 0.0520196 5.55556
3.4 0.034 0.0520153 5.55556
3.5 0.034 0.052013 5.55555
3.6 0.034 0.0520117 5.55553
3.7 0.034 0.0520111 5.5555
3.8 0.034 0.0520108 5.55546
3.9 0.034 0.0520106 5.55543
4 0.034 0.0520106 5.55539
4.1 0.034 0.0520105 5.55535
4.2 0.034 0.0520105 5.5553
4.3 0.034 0.0520106 5.55526
4.4 0.034 0.0520106 5.55522
4.5 0.034 0.0520106 5.55517
4.6 0.034 0.0520106 5.55513
4.7 0.034 0.0520107 5.55508
4.8 0.034 0.0520107 5.55504
4.9 0.034 0.0520107 5.55499
5 0.034 0.0520108 5.55495
5.1 0.034 0.0520108 5.5549
5.2 0.034 0.0520108 5.55486
5.3 0.034 0.0520108 5.55481
5.4 0.034 0.0520109 5.55476
5.5 0.034 0.0520109 5.55472
5.6 0.034 0.0520109 5.55467
5.7 0.034 0.052011 5.55462
5.8 0.034 0.052011 5.55457
5.9 0.034 0.052011 5.55452
6 0.034 0.0520111 5.55446
6.1 0.034 0.0520111 5.55441
6.2 0.034 0.0520112 5.55435
6.3 0.034 0.0520112 5.55428
6.4 0.034 0.0520113 5.55421
6.5 0.034 0.0520113 5.55414
6.6 0.034 0.0520114 5.55406
6.7 0.034 0.0520115 5.55396
6.8 0.034 0.0520116 5.55386
6.9 0.034 0.0520117 5.55374
7 0.034 0.0520119 5.55359
7.1 0.034 0.0520121 5.55341
7.2 0.034 0.0520125 5.55315
7.3 0.034 0.0520131 5.5528
7.4 0.034 0.052014 5.55228
7.5 0.034 0.0520155 5.5515
7.6 0.034 0.0520178 5.55032
7.7 0.034 0.0520214 5.54851
7.8 0.034 0.0520268 5.54578
7.9 0.034 0.0520348 5.54168
8 0.034 0.0520468 5.5356
8.1 0.034 0.052064 5.52676
8.2 0.034 0.0520886 5.51409
8.3 0.034 0.0521227 5.49628
8.4 0.034 0.0521695 5.47173
8.5 0.034 0.0522324 5.43852
8.6 0.034 0.0523151 5.39449
8.7 0.034 0.0524221 5.33727
8.8 0.034 0.0525578 5.2644
8.9 0.034 0.0527266 5.17343
9 0.034 0.0529327 5.06215
9.1 0.034 0.0531791 4.92863
9.2 0.034 0.0534641 4.77143
9.3 0.034 0.0537658 4.59211
9.4 0.034 0.0539721 4.42555
9.5 0.034 0.0536423 4.50752
9.6 0.034 0.0514984 5.6964
9.7 0.034 0.0451043 9.11143
9.8 0.034 0.0314833 43.1483
9.9 0.034 0.0258389 43.7044

0 0.036 0.283667 0
0.1 0.036 0.283154 8.88738
0.2 0.036 0.281614 6.3598
0.3 0.036 0.272824 5.91786
0.4 0.036 0.259054 5.89219
0.5 0.036 0.242073 5.94008
0.6 0.036 0.223106 6.00462
0.7 0.036 0.203155 6.06882
0.8 0.036 0.183081 6.12257
0.9 0.036 0.163611 6.1582
1 0.036 0.145323 6.17019
1.1 0.036 0.128636 6.15547
1.2 0.036 0.113813 6.11375
1.3 0.036 0.100975 6.04783
1.4 0.036 0.0901184 5.96352
1.5 0.036 0.0811469 5.86905
1.6 0.036 0.0738962 5.77375
1.7 0.036 0.0681615 5.6864
1.8 0.036 0.063721 5.61354
1.9 0.036 0.0603535 5.55834
2 0.036 0.0578522 5.52051
2.1 0.036 0.0560324 5.49724
2.2 0.036 0.0547356 5.48457
2.3 0.036 0.0538307 5.47869
2.4 0.036 0.0532122 5.47663
2.5 0.036 0.0527983 5.47641
2.6 0.036 0.052527 5.47689
2.7 0.036 0.0523528 5.47751
2.8 0.036 0.0522432 5.47805
2.9 0.036 0.0521756 5.47844
3 0.036 0.0521348 5.4787
3.1 0.036 0.0521106 5.47885
3.2 0.036 0.0520965 5.47893
3.3 0.036 0.0520886 5.47897
3.4 0.036 0.0520841 5.47897
3.5 0.036 0.0520817 5.47896
3.6 0.036 0.0520804 5.47893
3.7 0.036 0.0520797 5.47889
3.8 0.036 0.0520794 5.47886
3.9 0.036 0.0520792 5.47881
4 0.036 0.0520792 5.47877
4.1 0.036 0.0520792 5.47873
4.2 0.036 0.0520792 5.47868
4.3 0.036 0.0520792 5.47863
4.4 0.036 0.0520792 5.47859
4.5 0.036 0.0520793 5.47854
4.6 0.036 0.0520793 5.47849
4.7 0.036 0.0520793 5.47844
4.8 0.036 0.0520793 5.47839
4.9 0.036 0.0520794 5.47834
5 0.036 0.0520794 5.47829
5.1 0.036 0.0520795 5.47824
5.2 0.036 0.0520795 5.47819
5.3 0.036 0.0520795 5.47814
5.4 0.036 0.0520796 5.47809
5.5 0.036 0.0520796 5.47803
5.6 0.036 0.0520796 5.47798
5.7 0.036 0.0520797 5.47793
5.8 0.036 0.0520797 5.47787
5.9 0.036 0.0520798 5.47782
6 0.036 0.0520798 5.47776
6.1 0.036 0.0520798 5.47769
6.2 0.036 0.0520799 5.47763
6.3 0.036 0.05208 5.47756
6.4 0.036 0.05208 5.47749
6.5 0.036 0.0520801 5.4774
6.6 0.036 0.0520802 5.47732
6.7 0.036 0.0520802 5.47722
6.8 0.036 0.0520804 5.47711
6.9 0.036 0.0520805 5.47698
7 0.036 0.0520807 5.47683
7.1 0.036 0.052081 5.47663
7.2 0.036 0.0520814 5.47637
7.3 0.036 0.052082 5.47601
7.4 0.036 0.0520831 5.47548
7.5 0.036 0.0520846 5.47469
7.6 0.036 0.0520871 5.4735
7.7 0.036 0.0520909 5.47169
7.8 0.036 0.0520967 5.46895
7.9 0.036 0.0521053 5.46485
8 0.036 0.0521181 5.45878
8.1 0.036 0.0521365 5.44994
8.2 0.036 0.0521626 5.43729
8.3 0.036 0.052199 5.41952
8.4 0.036 0.0522488 5.39502
8.5 0.036 0.0523156 5.36189
8.6 0.036 0.0524036 5.31799
8.7 0.036 0.0525172 5.26094
8.8 0.036 0.0526613 5.18829
8.9 0.036 0.0528405 5.09763
9 0.036 0.0530592 4.98672
9.1 0.036 0.0533201 4.85366
9.2 0.036 0.0536201 4.697
9.3 0.036 0.0539292 4.51989
9.4 0.036 0.0541048 4.36989
9.5 0.036 0.0536256 4.5272
9.6 0.036 0.0510958 5.90732
9.7 0.036 0.0440945 9.54697
9.8 0.036 0.0299722 44.2256
9.9 0.036 0.0239479 44.6258

0 0.038 0.281633 0
0.1 0.038 0.281342 9.06978
0.2 0.038 0.28047 6.37511
0.3 0.038 0.272049 5.87436
0.4 0.038 0.258462 5.83831
0.5 0.038 0.241599 5.88449
0.6 0.038 0.222733 5.94661
0.7 0.038 0.202876 6.00801
0.8 0.038 0.182893 6.05912
0.9 0.038 0.163507 6.0926
1 0.038 0.145294 6.10286
1.1 0.038 0.12867 6.08671
1.2 0.038 0.113898 6.04377
1.3 0.038 0.101096 5.97671
1.4 0.038 0.0902642 5.89123
1.5 0.038 0.0813057 5.79545
1.6 0.038 0.0740586 5.69864
1.7 0.038 0.0683205 5.60958
1.8 0.038 0.0638717 5.5349
1.9 0.038 0.0604932 5.47795
2 0.038 0.0579797 5.43857
2.1 0.038 0.056148 5.41404
2.2 0.038 0.0548403 5.40045
2.3 0.038 0.0539261 5.39395
2.4 0.038 0.0533 5.39148
2.5 0.038 0.0528802 5.39102
2.6 0.038 0.0526044 5.39136
2.7 0.038 0.052427 5.39191
2.8 0.038 0.0523151 5.39241
2.9 0.038 0.052246 5.39278
3 0.038 0.0522042 5.39302
3.1 0.038 0.0521793 5.39317
3.2 0.038 0.0521649 5.39325
3.3 0.038 0.0521566 5.39327
3.4 0.038 0.052152 5.39327
3.5 0.038 0.0521495 5.39325
3.6 0.038 0.0521482 5.39322
3.7 0.038 0.0521475 5.39319
3.8 0.038 0.0521471 5.39314
3.9 0.038 0.052147 5.3931
4 0.038 0.0521469 5.39305
4.1 0.038 0.0521469 5.393
4.2 0.038 0.0521469 5.39295
4.3 0.038 0.0521469 5.3929
4.4 0.038 0.052147 5.39285
4.5 0.038 0.052147 5.39279
4.6 0.038 0.0521471 5.39274
4.7 0.038 0.0521471 5.39269
4.8 0.038 0.0521471 5.39263
4.9 0.038 0.0521472 5.39258
5 0.038 0.0521472 5.39252
5.1 0.038 0.0521473 5.39247
5.2 0.038 0.0521473 5.39241
5.3 0.038 0.0521473 5.39236
5.4 0.038 0.0521474 5.3923
5.5 0.038 0.0521474 5.39224
5.6 0.038 0.0521475 5.39219
5.7 0.038 0.0521475 5.39213
5.8 0.038 0.0521475 5.39207
5.9 0.038 0.0521476 5.39201
6 0.038 0.0521476 5.39194
6.1 0.038 0.0521477 5.39188
6.2 0.038 0.0521478 5.39181
6.3 0.038 0.0521478 5.39173
6.4 0.038 0.0521479 5.39165
6.5 0.038 0.052148 5.39157
6.6 0.038 0.0521481 5.39147
6.7 0.038 0.0521482 5.39137
6.8 0.038 0.0521483 5.39125
6.9 0.038 0.0521484 5.39112
7 0.038 0.0521487 5.39096
7.1 0.038 0.052149 5.39075
7.2 0.038 0.0521494 5.39049
7.3 0.038 0.0521501 5.39012
7.4 0.038 0.0521512 5.38958
7.5 0.038 0.0521529 5.38878
7.6 0.038 0.0521556 5.38758
7.7 0.038 0.0521596 5.38576
7.8 0.038 0.0521658 5.38302
7.9 0.038 0.052175 5.37891
8 0.038 0.0521886 5.37285
8.1 0.038 0.0522081 5.36402
8.2 0.038 0.0522359 5.3514
8.3 0.038 0.0522746 5.33366
8.4 0.038 0.0523274 5.30923
8.5 0.038 0.0523982 5.2762
8.6 0.038 0.0524914 5.23242
8.7 0.038 0.0526117 5.17556
8.8 0.038 0.0527642 5.10317
8.9 0.038 0.0529538 5.01284
9 0.038 0.053185 4.90236
9.1 0.038 0.0534604 4.76978
9.2 0.038 0.0537745 4.61377
9.3 0.038 0.0540874 4.43973
9.4 0.038 0.0542219 4.31022
9.5 0.038 0.0535732 4.54971
9.6 0.038 0.0506416 6.11892
9.7 0.038 0.0430589 9.96787
9.8 0.038 0.0285168 45.2021
9.9 0.038 0.0221533 45.4197

0 0.04 0.279576 0
0.1 0.04 0.279499 9.31223
0.2 0.04 0.279265 6.39516
0.3 0.04 0.271235 5.83935
0.4 0.04 0.257845 5.79134
0.5 0.04 0.241107 5.83636
0.6 0.04 0.222344 5.89652
0.7 0.04 0.202585 5.95529
0.8 0.04 0.182693 6.00363
0.9 0.04 0.163393 6.03469
1 0.04 0.145255 6.04297
1.1 0.04 0.128696 6.02519
1.2 0.04 0.113975 5.98088
1.3 0.04 0.101212 5.91259
1.4 0.04 0.0904049 5.82593
1.5 0.04 0.0814602 5.72888
1.6 0.04 0.0742175 5.63063
1.7 0.04 0.0684766 5.53997
1.8 0.04 0.0640201 5.46359
1.9 0.04 0.0606311 5.40496
2 0.04 0.0581059 5.36408
2.1 0.04 0.0562624 5.33834
2.2 0.04 0.0549441 5.32384
2.3 0.04 0.0540206 5.3167
2.4 0.04 0.053387 5.31383
2.5 0.04 0.0529613 5.31312
2.6 0.04 0.052681 5.31332
2.7 0.04 0.0525004 5.31378
2.8 0.04 0.0523862 5.31424
2.9 0.04 0.0523156 5.31458
3 0.04 0.0522727 5.31481
3.1 0.04 0.0522472 5.31495
3.2 0.04 0.0522323 5.31502
3.3 0.04 0.0522238 5.31504
3.4 0.04 0.052219 5.31504
3.5 0.04 0.0522164 5.31501
3.6 0.04 0.0522151 5.31498
3.7 0.04 0.0522143 5.31494
3.8 0.04 0.052214 5.31489
3.9 0.04 0.0522138 5.31484
4 0.04 0.0522138 5.31479
4.1 0.04 0.0522138 5.31474
4.2 0.04 0.0522138 5.31468
4.3 0.04 0.0522138 5.31463
4.4 0.04 0.0522138 5.31457
4.5 0.04 0.0522139 5.31451
4.6 0.04 0.0522139 5.31445
4.7 0.04 0.052214 5.31439
4.8 0.04 0.052214 5.31433
4.9 0.04 0.0522141 5.31428
5 0.04 0.0522141 5.31422
5.1 0.04 0.0522142 5.31416
5.2 0.04 0.0522142 5.3141
5.3 0.04 0.0522142 5.31404
5.4 0.04 0.0522143 5.31397
5.5 0.04 0.0522143 5.31391
5.6 0.04 0.0522144 5.31385
5.7 0.04 0.0522144 5.31379
5.8 0.04 0.0522145 5.31372
5.9 0.04 0.0522146 5.31366
6 0.04 0.0522146 5.31359
6.1 0.04 0.0522147 5.31352
6.2 0.04 0.0522147 5.31344
6.3 0.04 0.0522148 5.31336
6.4 0.04 0.0522149 5.31328
6.5 0.04 0.052215 5.31318
6.6 0.04 0.0522151 5.31309
6.7 0.04 0.0522152 5.31298
6.8 0.04 0.0522153 5.31285
6.9 0.04 0.0522155 5.31271
7 0.04 0.0522157 5.31254
7.1 0.04 0.0522161 5.31233
7.2 0.04 0.0522166 5.31206
7.3 0.04 0.0522173 5.31168
7.4 0.04 0.0522185 5.31113
7.5 0.04 0.0522203 5.31033
7.6 0.04 0.0522231 5.30912
7.7 0.04 0.0522275 5.30729
7.8 0.04 0.052234 5.30454
7.9 0.04 0.0522438 5.30044
8 0.04 0.0522582 5.29437
8.1 0.04 0.052279 5.28556
8.2 0.04 0.0523084 5.27295
8.3 0.04 0.0523493 5.25526
8.4 0.04 0.0524052 5.23088
8.5 0.04 0.05248 5.19794
8.6 0.04 0.0525785 5.1543
8.7 0.04 0.0527055 5.09761
8.8 0.04 0.0528665 5.02546
8.9 0.04 0.0530665 4.93546
9 0.04 0.0533102 4.82537
9.1 0.04 0.0535997 4.69325
9.2 0.04 0.0539269 4.53795
9.3 0.04 0.0542396 4.36792
9.4 0.04 0.0543219 4.2628
9.5 0.04 0.0534842 4.58999
9.6 0.04 0.0501396 6.34418
9.7 0.04 0.0420055 10.3887
9.8 0.04 0.0271196 46.1249
9.9 0.04 0.0204588 46.1302

0 0.042 0.277336 0
0.1 0.042 0.277502 9.64322
0.2 0.042 0.277997 6.42046
0.3 0.042 0.270383 5.80102
0.4 0.042 0.257203 5.73891
0.5 0.042 0.240595 5.78276
0.6 0.042 0.22194 5.84117
0.7 0.042 0.20228 5.89733
0.8 0.042 0.182482 5.94267
0.9 0.042 0.163269 5.97092
1 0.042 0.145209 5.97682
1.1 0.042 0.128715 5.95704
1.2 0.042 0.114047 5.91102
1.3 0.042 0.101322 5.84124
1.4 0.042 0.0905408 5.75316
1.5 0.042 0.0816107 5.65466
1.6 0.042 0.074373 5.55482
1.7 0.042 0.0686301 5.46241
1.8 0.042 0.0641665 5.38419
1.9 0.042 0.0607673 5.32376
2 0.042 0.0582308 5.28125
2.1 0.042 0.0563759 5.25415
2.2 0.042 0.0550471 5.23861
2.3 0.042 0.0541145 5.23074
2.4 0.042 0.0534734 5.22738
2.5 0.042 0.0530417 5.22636
2.6 0.042 0.0527571 5.22637
2.7 0.042 0.0525731 5.22673
2.8 0.042 0.0524567 5.22711
2.9 0.042 0.0523845 5.22742
3 0.042 0.0523405 5.22763
3.1 0.042 0.0523144 5.22775
3.2 0.042 0.0522991 5.22781
3.3 0.042 0.0522903 5.22783
3.4 0.042 0.0522854 5.22782
3.5 0.042 0.0522827 5.22779
3.6 0.042 0.0522813 5.22775
3.7 0.042 0.0522805 5.22771
3.8 0.042 0.0522801 5.22766
3.9 0.042 0.05228 5.2276
4 0.042 0.0522799 5.22755
4.1 0.042 0.0522799 5.22749
4.2 0.042 0.0522799 5.22743
4.3 0.042 0.05228 5.22737
4.4 0.042 0.05228 5.22731
4.5 0.042 0.0522801 5.22724
4.6 0.042 0.0522801 5.22718
4.7 0.042 0.0522802 5.22712
4.8 0.042 0.0522802 5.22705
4.9 0.042 0.0522803 5.22699
5 0.042 0.0522803 5.22692
5.1 0.042 0.0522804 5.22686
5.2 0.042 0.0522804 5.22679
5.3 0.042 0.0522805 5.22673
5.4 0.042 0.0522805 5.22666
5.5 0.042 0.0522806 5.2266
5.6 0.042 0.0522806 5.22653
5.7 0.042 0.0522807 5.22646
5.8 0.042 0.0522808 5.22639
5.9 0.042 0.0522808 5.22632
6 0.042 0.0522809 5.22625
6.1 0.042 0.052281 5.22617
6.2 0.042 0.052281 5.22609
6.3 0.042 0.0522811 5.22601
6.4 0.042 0.0522812 5.22592
6.5 0.042 0.0522813 5.22582
6.6 0.042 0.0522814 5.22571
6.7 0.042 0.0522815 5.2256
6.8 0.042 0.0522817 5.22547
6.9 0.042 0.0522819 5.22532
7 0.042 0.0522821 5.22515
7.1 0.042 0.0522825 5.22493
7.2 0.042 0.052283 5.22464
7.3 0.042 0.0522839 5.22426
7.4 0.042 0.0522851 5.2237
7.5 0.042 0.0522871 5.22289
7.6 0.042 0.0522901 5.22167
7.7 0.042 0.0522947 5.21984
7.8 0.042 0.0523016 5.21709
7.9 0.042 0.052312 5.21298
8 0.042 0.0523273 5.20692
8.1 0.042 0.0523492 5.19812
8.2 0.042 0.0523803 5.18554
8.3 0.042 0.0524235 5.16789
8.4 0.042 0.0524824 5.14358
8.5 0.042 0.0525613 5.11074
8.6 0.042 0.052665 5.06724
8.7 0.042 0.0527989 5.01076
8.8 0.042 0.0529683 4.93888
8.9 0.042 0.0531787 4.84924
9 0.042 0.0534349 4.73959
9.1 0.042 0.0537383 4.60798
9.2 0.042 0.0540771 4.45362
9.3 0.042 0.054385 4.28889
9.4 0.042 0.0544036 4.21241
9.5 0.042 0.0533587 4.63184
9.6 0.042 0.0495943 6.56492
9.7 0.042 0.0409416 10.7904
9.8 0.042 0.0257825 46.9618
9.9 0.042 0.0188656 46.7299

0 0.044 0.275094 0
0.1 0.044 0.275486 9.75439
0.2 0.044 0.276664 6.45733
0.3 0.044 0.26949 5.77341
0.4 0.044 0.256536 5.6954
0.5 0.044 0.240064 5.73826
0.6 0.044 0.221519 5.79554
0.7 0.044 0.201961 5.84945
0.8 0.044 0.18226 5.89189
0.9 0.044 0.163135 5.91721
1 0.044 0.145153 5.92054
1.1 0.044 0.128726 5.89859
1.2 0.044 0.114111 5.85074
1.3 0.044 0.101426 5.77936
1.4 0.044 0.0906719 5.68983
1.5 0.044 0.081757 5.58987
1.6 0.044 0.0745252 5.4885
1.7 0.044 0.0687808 5.39441
1.8 0.044 0.0643107 5.31443
1.9 0.044 0.060902 5.25225
2 0.044 0.0583544 5.20816
2.1 0.044 0.0564884 5.17974
2.2 0.044 0.0551492 5.16317
2.3 0.044 0.0542076 5.15457
2.4 0.044 0.0535591 5.15071
2.5 0.044 0.0531216 5.14938
2.6 0.044 0.0528325 5.14919
2.7 0.044 0.0526453 5.14943
2.8 0.044 0.0525266 5.14975
2.9 0.044 0.0524527 5.15001
3 0.044 0.0524078 5.1502
3.1 0.044 0.0523809 5.15031
3.2 0.044 0.0523652 5.15036
3.3 0.044 0.0523561 5.15037
3.4 0.044 0.0523511 5.15035
3.5 0.044 0.0523483 5.15032
3.6 0.044 0.0523468 5.15028
3.7 0.044 0.052346 5.15023
3.8 0.044 0.0523456 5.15017
3.9 0.044 0.0523455 5.15011
4 0.044 0.0523454 5.15005
4.1 0.044 0.0523454 5.14999
4.2 0.044 0.0523454 5.14993
4.3 0.044 0.0523455 5.14986
4.4 0.044 0.0523455 5.14979
4.5 0.044 0.0523456 5.14973
4.6 0.044 0.0523456 5.14966
4.7 0.044 0.0523457 5.14959
4.8 0.044 0.0523458 5.14952
4.9 0.044 0.0523458 5.14945
5 0.044 0.0523459 5.14938
5.1 0.044 0.0523459 5.14931
5.2 0.044 0.052346 5.14924
5.3 0.044 0.0523461 5.14917
5.4 0.044 0.0523461 5.1491
5.5 0.044 0.0523462 5.14903
5.6 0.044 0.0523462 5.14896
5.7 0.044 0.0523463 5.14888
5.8 0.044 0.0523464 5.14881
5.9 0.044 0.0523464 5.14873
6 0.044 0.0523465 5.14866
6.1 0.044 0.0523466 5.14857
6.2 0.044 0.0523467 5.14849
6.3 0.044 0.0523468 5.1484
6.4 0.044 0.0523469 5.1483
6.5 0.044 0.052347 5.1482
6.6 0.044 0.0523471 5.14809
6.7 0.044 0.0523472 5.14797
6.8 0.044 0.0523474 5.14783
6.9 0.044 0.0523476 5.14768
7 0.044 0.0523479 5.14749
7.1 0.044 0.0523483 5.14727
7.2 0.044 0.0523489 5.14698
7.3 0.044 0.0523497 5.14658
7.4 0.044 0.0523511 5.14602
7.5 0.044 0.0523532 5.1452
7.6 0.044 0.0523564 5.14397
7.7 0.044 0.0523612 5.14214
7.8 0.044 0.0523686 5.13938
7.9 0.044 0.0523796 5.13527
8 0.044 0.0523957 5.12921
8.1 0.044 0.0524188 5.12042
8.2 0.044 0.0524516 5.10786
8.3 0.044 0.0524971 5.09025
8.4 0.044 0.0525591 5.06601
8.5 0.044 0.0526421 5.03326
8.6 0.044 0.0527511 4.9899
8.7 0.044 0.0528917 4.93361
8.8 0.044 0.0530696 4.86199
8.9 0.044 0.0532906 4.77268
9 0.044 0.0535591 4.66345
9.1 0.044 0.053876 4.53233
9.2 0.044 0.0542248 4.37907
9.3 0.044 0.0545229 4.22098
9.4 0.044 0.0544657 4.17706
9.5 0.044 0.0531969 4.69178
9.6 0.044 0.04901 6.79676
9.7 0.044 0.0398737 11.191
9.8 0.044 0.0245062 47.7661
9.9 0.044 0.0173738 47.2683

0 0.046 0.272683 0
0.1 0.046 0.273329 10.2867
0.2 0.046 0.275265 6.51189
0.3 0.046 0.268555 5.74882
0.4 0.046 0.255843 5.6526
0.5 0.046 0.239513 5.69403
0.6 0.046 0.221082 5.7505
0.7 0.046 0.201628 5.80235
0.8 0.046 0.182025 5.84193
0.9 0.046 0.162991 5.86411
1 0.046 0.14509 5.86456
1.1 0.046 0.128731 5.84013
1.2 0.046 0.11417 5.79015
1.3 0.046 0.101525 5.71693
1.4 0.046 0.0907984 5.62572
1.5 0.046 0.0818996 5.52412
1.6 0.046 0.0746743 5.42104
1.7 0.046 0.0689291 5.32514
1.8 0.046 0.064453 5.24326
1.9 0.046 0.0610351 5.17922
2 0.046 0.0584769 5.13342
2.1 0.046 0.0566001 5.10355
2.2 0.046 0.0552508 5.08586
2.3 0.046 0.0543003 5.07643
2.4 0.046 0.0536444 5.07201
2.5 0.046 0.0532011 5.07029
2.6 0.046 0.0529075 5.06987
2.7 0.046 0.0527171 5.06997
2.8 0.046 0.052596 5.0702
2.9 0.046 0.0525206 5.07041
3 0.046 0.0524746 5.07056
3.1 0.046 0.052447 5.07065
3.2 0.046 0.0524308 5.07069
3.3 0.046 0.0524215 5.07069
3.4 0.046 0.0524163 5.07067
3.5 0.046 0.0524134 5.07063
3.6 0.046 0.0524119 5.07058
3.7 0.046 0.0524111 5.07053
3.8 0.046 0.0524107 5.07047
3.9 0.046 0.0524105 5.07041
4 0.046 0.0524104 5.07034
4.1 0.046 0.0524104 5.07027
4.2 0.046 0.0524105 5.0702
4.3 0.046 0.0524105 5.07013
4.4 0.046 0.0524106 5.07006
4.5 0.046 0.0524106 5.06999
4.6 0.046 0.0524107 5.06992
4.7 0.046 0.0524108 5.06984
4.8 0.046 0.0524108 5.06977
4.9 0.046 0.0524109 5.0697
5 0.046 0.052411 5.06962
5.1 0.046 0.052411 5.06955
5.2 0.046 0.0524111 5.06947
5.3 0.046 0.0524112 5.0694
5.4 0.046 0.0524112 5.06932
5.5 0.046 0.0524113 5.06924
5.6 0.046 0.0524114 5.06917
5.7 0.046 0.0524115 5.06909
5.8 0.046 0.0524115 5.06901
5.9 0.046 0.0524116 5.06893
6 0.046 0.0524117 5.06885
6.1 0.046 0.0524118 5.06876
6.2 0.046 0.0524119 5.06867
6.3 0.046 0.052412 5.06857
6.4 0.046 0.0524121 5.06847
6.5 0.046 0.0524122 5.06836
6.6 0.046 0.0524123 5.06825
6.7 0.046 0.0524125 5.06812
6.8 0.046 0.0524127 5.06798
6.9 0.046 0.0524129 5.06782
7 0.046 0.0524132 5.06763
7.1 0.046 0.0524136 5.06739
7.2 0.046 0.0524143 5.06709
7.3 0.046 0.0524152 5.06669
7.4 0.046 0.0524166 5.06612
7.5 0.046 0.0524188 5.06529
7.6 0.046 0.0524222 5.06406
7.7 0.046 0.0524274 5.06221
7.8 0.046 0.0524352 5.05945
7.9 0.046 0.0524468 5.05534
8 0.046 0.0524637 5.04929
8.1 0.046 0.0524881 5.04051
8.2 0.046 0.0525226 5.02798
8.3 0.046 0.0525704 5.01041
8.4 0.046 0.0526355 4.98623
8.5 0.046 0.0527226 4.95358
8.6 0.046 0.052837 4.91037
8.7 0.046 0.0529844 4.85428
8.8 0.046 0.0531708 4.78295
8.9 0.046 0.0534021 4.694
9 0.046 0.053683 4.58521
9.1 0.046 0.0540128 4.45463
9.2 0.046 0.0543699 4.30281
9.3 0.046 0.0546525 4.15303
9.4 0.046 0.0545073 4.14568
9.5 0.046 0.0529997 4.75772
9.6 0.046 0.0483914 7.02632
9.7 0.046 0.0388077 11.5763
9.8 0.046 0.0232903 48.5101
9.9 0.046 0.0159813 47.7229

0 0.048 0.270221 0
0.1 0.048 0.271113 10.2674
0.2 0.048 0.273792 6.57406
0.3 0.048 0.267577 5.73359
0.4 0.048 0.255123 5.617
0.5 0.048 0.238943 5.6564
0.6 0.048 0.220628 5.71254
0.7 0.048 0.201281 5.76266
0.8 0.048 0.181779 5.79958
0.9 0.048 0.162837 5.81861
1 0.048 0.145017 5.816
1.1 0.048 0.128727 5.78888
1.2 0.048 0.114222 5.73659
1.3 0.048 0.101619 5.66135
1.4 0.048 0.0909202 5.56832
1.5 0.048 0.0820382 5.46498
1.6 0.048 0.0748202 5.36011
1.7 0.048 0.0690748 5.26233
1.8 0.048 0.0645934 5.17852
1.9 0.048 0.0611669 5.11257
2 0.048 0.0585984 5.06501
2.1 0.048 0.0567111 5.03365
2.2 0.048 0.0553518 5.01478
2.3 0.048 0.0543926 5.00448
2.4 0.048 0.0537294 4.99945
2.5 0.048 0.0532803 4.99734
2.6 0.048 0.0529823 4.99666
2.7 0.048 0.0527886 4.99659
2.8 0.048 0.0526652 4.99672
2.9 0.048 0.0525882 4.99687
3 0.048 0.052541 4.99698
3.1 0.048 0.0525128 4.99705
3.2 0.048 0.0524961 4.99707
3.3 0.048 0.0524866 4.99707
3.4 0.048 0.0524812 4.99704
3.5 0.048 0.0524782 4.99699
3.6 0.048 0.0524766 4.99694
3.7 0.048 0.0524758 4.99688
3.8 0.048 0.0524754 4.99682
3.9 0.048 0.0524752 4.99675
4 0.048 0.0524751 4.99668
4.1 0.048 0.0524751 4.99661
4.2 0.048 0.0524752 4.99654
4.3 0.048 0.0524752 4.99646
4.4 0.048 0.0524753 4.99638
4.5 0.048 0.0524754 4.99631
4.6 0.048 0.0524754 4.99623
4.7 0.048 0.0524755 4.99615
4.8 0.048 0.0524756 4.99607
4.9 0.048 0.0524757 4.99599
5 0.048 0.0524757 4.99591
5.1 0.048 0.0524758 4.99583
5.2 0.048 0.0524759 4.99575
5.3 0.048 0.052476 4.99567
5.4 0.048 0.052476 4.99559
5.5 0.048 0.0524761 4.99551
5.6 0.048 0.0524762 4.99543
5.7 0.048 0.0524763 4.99535
5.8 0.048 0.0524764 4.99526
5.9 0.048 0.0524765 4.99517
6 0.048 0.0524765 4.99509
6.1 0.048 0.0524766 4.99499
6.2 0.048 0.0524767 4.9949
6.3 0.048 0.0524769 4.9948
6.4 0.048 0.052477 4.99469
6.5 0.048 0.0524771 4.99458
6.6 0.048 0.0524773 4.99446
6.7 0.048 0.0524774 4.99432
6.8 0.048 0.0524776 4.99417
6.9 0.048 0.0524779 4.99401
7 0.048 0.0524782 4.99381
7.1 0.048 0.0524787 4.99357
7.2 0.048 0.0524793 4.99326
7.3 0.048 0.0524803 4.99285
7.4 0.048 0.0524819 4.99227
7.5 0.048 0.0524842 4.99144
7.6 0.048 0.0524878 4.9902
7.7 0.048 0.0524932 4.98834
7.8 0.048 0.0525015 4.98558
7.9 0.048 0.0525137 4.98146
8 0.048 0.0525315 4.97541
8.1 0.048 0.0525571 4.96664
8.2 0.048 0.0525933 4.95414
8.3 0.048 0.0526434 4.93661
8.4 0.048 0.0527117 4.9125
8.5 0.048 0.0528029 4.87995
8.6 0.048 0.0529226 4.83688
8.7 0.048 0.0530768 4.781
8.8 0.048 0.0532718 4.70994
8.9 0.048 0.0535136 4.62136
9 0.048 0.0538066 4.51301
9.1 0.048 0.0541488 4.38301
9.2 0.048 0.054512 4.23299
9.3 0.048 0.054773 4.09327
9.4 0.048 0.0545277 4.12611
9.5 0.048 0.0527681 4.83628
9.6 0.048 0.0477427 7.25981
9.7 0.048 0.0377487 11.9539
9.8 0.048 0.0221349 49.2197
9.9 0.048 0.0146857 48.1186

0 0.05 0.267701 0
0.1 0.05 0.26884 10.91
0.2 0.05 0.272256 6.6493
0.3 0.05 0.266555 5.72981
0.4 0.05 0.254376 5.59146
0.5 0.05 0.238354 5.62809
0.6 0.05 0.220159 5.68444
0.7 0.05 0.200921 5.73324
0.8 0.05 0.18152 5.76787
0.9 0.05 0.162672 5.78387
1 0.05 0.144936 5.77814
1.1 0.05 0.128716 5.74822
1.2 0.05 0.114267 5.69349
1.3 0.05 0.101707 5.61614
1.4 0.05 0.0910376 5.52121
1.5 0.05 0.0821731 5.41608
1.6 0.05 0.0749631 5.30942
1.7 0.05 0.0692182 5.20978
1.8 0.05 0.064732 5.12406
1.9 0.05 0.0612973 5.05622
2 0.05 0.058719 5.00694
2.1 0.05 0.0568214 4.97409
2.2 0.05 0.0554524 4.95404
2.3 0.05 0.0544846 4.94286
2.4 0.05 0.0538142 4.93721
2.5 0.05 0.0533592 4.93468
2.6 0.05 0.0530568 4.93373
2.7 0.05 0.0528598 4.93349
2.8 0.05 0.0527341 4.93351
2.9 0.05 0.0526555 4.9336
3 0.05 0.0526072 4.93368
3.1 0.05 0.0525783 4.93372
3.2 0.05 0.0525612 4.93373
3.3 0.05 0.0525513 4.93371
3.4 0.05 0.0525458 4.93367
3.5 0.05 0.0525427 4.93362
3.6 0.05 0.052541 4.93356
3.7 0.05 0.0525402 4.9335
3.8 0.05 0.0525398 4.93343
3.9 0.05 0.0525396 4.93336
4 0.05 0.0525395 4.93329
4.1 0.05 0.0525395 4.93321
4.2 0.05 0.0525396 4.93313
4.3 0.05 0.0525396 4.93305
4.4 0.05 0.0525397 4.93297
4.5 0.05 0.0525398 4.93289
4.6 0.05 0.0525399 4.9328
4.7 0.05 0.05254 4.93272
4.8 0.05 0.05254 4.93264
4.9 0.05 0.0525401 4.93255
5 0.05 0.0525402 4.93247
5.1 0.05 0.0525403 4.93238
5.2 0.05 0.0525404 4.9323
5.3 0.05 0.0525405 4.93221
5.4 0.05 0.0525405 4.93213
5.5 0.05 0.0525406 4.93204
5.6 0.05 0.0525407 4.93195
5.7 0.05 0.0525408 4.93187
5.8 0.05 0.0525409 4.93178
5.9 0.05 0.052541 4.93168
6 0.05 0.0525411 4.93159
6.1 0.05 0.0525412 4.93149
6.2 0.05 0.0525413 4.93139
6.3 0.05 0.0525414 4.93129
6.4 0.05 0.0525416 4.93118
6.5 0.05 0.0525417 4.93106
6.6 0.05 0.0525419 4.93093
6.7 0.05 0.0525421 4.93079
6.8 0.05 0.0525423 4.93063
6.9 0.05 0.0525426 4.93046
7 0.05 0.0525429 4.93026
7.1 0.05 0.0525434 4.93001
7.2 0.05 0.0525441 4.92969
7.3 0.05 0.0525452 4.92927
7.4 0.05 0.0525468 4.92869
7.5 0.05 0.0525493 4.92784
7.6 0.05 0.0525531 4.9266
7.7 0.05 0.0525588 4.92474
7.8 0.05 0.0525675 4.92196
7.9 0.05 0.0525803 4.91784
8 0.05 0.052599 4.9118
8.1 0.05 0.0526259 4.90304
8.2 0.05 0.0526638 4.89056
8.3 0.05 0.0527163 4.87307
8.4 0.05 0.0527877 4.84901
8.5 0.05 0.0528831 4.81656
8.6 0.05 0.0530082 4.77363
8.7 0.05 0.0531692 4.71794
8.8 0.05 0.0533728 4.64715
8.9 0.05 0.0536249 4.5589
9 0.05 0.05393 4.45097
9.1 0.05 0.0542838 4.32157
9.2 0.05 0.0546506 4.17378
9.3 0.05 0.0548836 4.04591
9.4 0.05 0.0545261 4.12215
9.5 0.05 0.0525035 4.93019
9.6 0.05 0.0470686 7.49982
9.7 0.05 0.0367009 12.3277
9.8 0.05 0.021038 49.9131
9.9 0.05 0.0134829 48.4733

0 0.052 0.264991 0
0.1 0.052 0.266405 10.9454
0.2 0.052 0.270648 6.73407
0.3 0.052 0.265488 5.73354
0.4 0.052 0.253602 5.57143
0.5 0.052 0.237745 5.60365
0.6 0.052 0.219673 5.66013
0.7 0.052 0.200546 5.70766
0.8 0.052 0.181249 5.7401
0.9 0.052 0.162497 5.75306
1 0.052 0.144846 5.744
1.1 0.052 0.128698 5.71094
1.2 0.052 0.114306 5.65343
1.3 0.052 0.101789 5.57362
1.4 0.052 0.0911504 5.47646
1.5 0.052 0.0823044 5.36921
1.6 0.052 0.0751031 5.26043
1.7 0.052 0.0693593 5.15863
1.8 0.052 0.0648689 5.07071
1.9 0.052 0.0614265 5.00074
2 0.052 0.0588387 4.94948
2.1 0.052 0.0569312 4.91493
2.2 0.052 0.0555527 4.89352
2.3 0.052 0.0545764 4.8813
2.4 0.052 0.0538989 4.87491
2.5 0.052 0.0534382 4.87188
2.6 0.052 0.0531314 4.87059
2.7 0.052 0.0529311 4.87014
2.8 0.052 0.0528031 4.87003
2.9 0.052 0.0527228 4.87004
3 0.052 0.0526735 4.87006
3.1 0.052 0.0526438 4.87007
3.2 0.052 0.0526262 4.87005
3.3 0.052 0.0526161 4.87002
3.4 0.052 0.0526103 4.86998
3.5 0.052 0.0526072 4.86992
3.6 0.052 0.0526054 4.86986
3.7 0.052 0.0526046 4.86979
3.8 0.052 0.0526041 4.86971
3.9 0.052 0.052604 4.86964
4 0.052 0.0526039 4.86956
4.1 0.052 0.0526039 4.86948
4.2 0.052 0.052604 4.8694
4.3 0.052 0.052604 4.86931
4.4 0.052 0.0526041 4.86922
4.5 0.052 0.0526042 4.86914
4.6 0.052 0.0526043 4.86905
4.7 0.052 0.0526044 4.86896
4.8 0.052 0.0526045 4.86887
4.9 0.052 0.0526046 4.86878
5 0.052 0.0526047 4.86869
5.1 0.052 0.0526048 4.8686
5.2 0.052 0.0526049 4.86851
5.3 0.052 0.052605 4.86842
5.4 0.052 0.052605 4.86833
5.5 0.052 0.0526051 4.86824
5.6 0.052 0.0526052 4.86815
5.7 0.052 0.0526053 4.86805
5.8 0.052 0.0526054 4.86796
5.9 0.052 0.0526056 4.86786
6 0.052 0.0526057 4.86776
6.1 0.052 0.0526058 4.86766
6.2 0.052 0.0526059 4.86756
6.3 0.052 0.052606 4.86745
6.4 0.052 0.0526062 4.86733
6.5 0.052 0.0526063 4.8672
6.6 0.052 0.0526065 4.86707
6.7 0.052 0.0526067 4.86693
6.8 0.052 0.052607 4.86677
6.9 0.052 0.0526073 4.86658
7 0.052 0.0526076 4.86637
7.1 0.052 0.0526082 4.86612
7.2 0.052 0.0526089 4.8658
7.3 0.052 0.0526101 4.86537
7.4 0.052 0.0526118 4.86478
7.5 0.052 0.0526144 4.86392
7.6 0.052 0.0526184 4.86267
7.7 0.052 0.0526244 4.8608
7.8 0.052 0.0526335 4.85802
7.9 0.052 0.052647 4.8539
8 0.052 0.0526666 4.84786
8.1 0.052 0.0526947 4.83911
8.2 0.052 0.0527344 4.82665
8.3 0.052 0.0527892 4.8092
8.4 0.052 0.0528638 4.78522
8.5 0.052 0.0529634 4.75287
8.6 0.052 0.0530939 4.71009
8.7 0.052 0.0532618 4.65463
8.8 0.052 0.0534739 4.58413
8.9 0.052 0.0537365 4.49627
9 0.052 0.0540533 4.38882
9.1 0.052 0.054418 4.26017
9.2 0.052 0.0547856 4.11529
9.3 0.052 0.0549838 4.00144
9.4 0.052 0.0545025 4.12424
9.5 0.052 0.0522076 5.02913
9.6 0.052 0.0463732 7.735
9.7 0.052 0.0356683 12.6846
9.8 0.052 0.0199991 50.5487
9.9 0.052 0.0123693 48.7535

0 0.054 0.262392 0
0.1 0.054 0.264039 11.4575
0.2 0.054 0.268981 6.83007
0.3 0.054 0.264374 5.75335
0.4 0.054 0.252798 5.56647
0.5 0.054 0.237116 5.59341
0.6 0.054 0.219171 5.65067
0.7 0.054 0.200157 5.69766
0.8 0.054 0.180966 5.72852
0.9 0.054 0.162311 5.73895
1 0.054 0.144746 5.72682
1.1 0.054 0.128672 5.69077
1.2 0.054 0.114339 5.63059
1.3 0.054 0.101866 5.54845
1.4 0.054 0.0912587 5.44921
1.5 0.054 0.0824319 5.34003
1.6 0.054 0.07524 5.22937
1.7 0.054 0.0694981 5.12566
1.8 0.054 0.0650039 5.0358
1.9 0.054 0.0615544 4.96393
2 0.054 0.0589576 4.91092
2.1 0.054 0.0570404 4.87486
2.2 0.054 0.0556526 4.85222
2.3 0.054 0.054668 4.83908
2.4 0.054 0.0539834 4.83203
2.5 0.054 0.053517 4.82854
2.6 0.054 0.0532058 4.82696
2.7 0.054 0.0530023 4.82631
2.8 0.054 0.0528719 4.82609
2.9 0.054 0.05279 4.82602
3 0.054 0.0527395 4.82599
3.1 0.054 0.0527091 4.82597
3.2 0.054 0.0526911 4.82594
3.3 0.054 0.0526807 4.8259
3.4 0.054 0.0526747 4.82584
3.5 0.054 0.0526715 4.82578
3.6 0.054 0.0526697 4.82571
3.7 0.054 0.0526688 4.82564
3.8 0.054 0.0526683 4.82556
3.9 0.054 0.0526682 4.82548
4 0.054 0.0526681 4.82539
4.1 0.054 0.0526681 4.82531
4.2 0.054 0.0526682 4.82522
4.3 0.054 0.0526683 4.82513
4.4 0.054 0.0526684 4.82504
4.5 0.054 0.0526685 4.82495
4.6 0.054 0.0526686 4.82485
4.7 0.054 0.0526687 4.82476
4.8 0.054 0.0526688 4.82466
4.9 0.054 0.0526689 4.82457
5 0.054 0.052669 4.82447
5.1 0.054 0.0526691 4.82438
5.2 0.054 0.0526692 4.82428
5.3 0.054 0.0526693 4.82419
5.4 0.054 0.0526694 4.82409
5.5 0.054 0.0526695 4.82399
5.6 0.054 0.0526696 4.8239
5.7 0.054 0.0526697 4.8238
5.8 0.054 0.0526698 4.8237
5.9 0.054 0.0526699 4.8236
6 0.054 0.0526701 4.8235
6.1 0.054 0.0526702 4.82339
6.2 0.054 0.0526703 4.82328
6.3 0.054 0.0526705 4.82316
6.4 0.054 0.0526706 4.82304
6.5 0.054 0.0526708 4.82291
6.6 0.054 0.052671 4.82277
6.7 0.054 0.0526712 4.82262
6.8 0.054 0.0526715 4.82245
6.9 0.054 0.0526718 4.82226
7 0.054 0.0526722 4.82205
7.1 0.054 0.0526728 4.82179
7.2 0.054 0.0526736 4.82146
7.3 0.054 0.0526748 4.82102
7.4 0.054 0.0526766 4.82042
7.5 0.054 0.0526794 4.81956
7.6 0.054 0.0526836 4.81829
7.7 0.054 0.0526899 4.81642
7.8 0.054 0.0526995 4.81363
7.9 0.054 0.0527136 4.80951
8 0.054 0.0527341 4.80346
8.1 0.054 0.0527635 4.79472
8.2 0.054 0.0528049 4.78228
8.3 0.054 0.0528621 4.76486
8.4 0.054 0.0529399 4.74093
8.5 0.054 0.0530437 4.70867
8.6 0.054 0.0531797 4.66601
8.7 0.054 0.0533545 4.61072
8.8 0.054 0.0535752 4.54047
8.9 0.054 0.053848 4.45292
9 0.054 0.0541764 4.34586
9.1 0.054 0.0545509 4.21795
9.2 0.054 0.0549164 4.07643
9.3 0.054 0.0550726 3.97831
9.4 0.054 0.0544562 4.14973
9.5 0.054 0.051882 5.14948
9.6 0.054 0.0456603 7.98351
9.7 0.054 0.0346538 13.0477
9.8 0.054 0.0190155 51.2146
9.9 0.054 0.0113399 49.0358

0 0.056 0.259437 0
0.1 0.056 0.261388 11.8843
0.2 0.056 0.267241 6.96536
0.3 0.056 0.263216 5.78681
0.4 0.056 0.251965 5.57216
0.5 0.056 0.236469 5.59122
0.6 0.056 0.218654 5.64829
0.7 0.056 0.199754 5.69442
0.8 0.056 0.180671 5.72352
0.9 0.056 0.162115 5.73135
1 0.056 0.144638 5.71592
1.1 0.056 0.128638 5.67647
1.2 0.056 0.114366 5.61313
1.3 0.056 0.101939 5.52813
1.4 0.056 0.0913627 5.42627
1.5 0.056 0.082556 5.3146
1.6 0.056 0.0753742 5.20149
1.7 0.056 0.0696348 5.09531
1.8 0.056 0.0651376 5.00299
1.9 0.056 0.0616814 4.92873
2 0.056 0.0590759 4.87351
2.1 0.056 0.0571494 4.83555
2.2 0.056 0.0557525 4.81136
2.3 0.056 0.0547597 4.79702
2.4 0.056 0.0540682 4.7891
2.5 0.056 0.0535962 4.78501
2.6 0.056 0.0532806 4.78302
2.7 0.056 0.0530738 4.78211
2.8 0.056 0.052941 4.78171
2.9 0.056 0.0528575 4.78153
3 0.056 0.0528059 4.78144
3.1 0.056 0.0527748 4.78137
3.2 0.056 0.0527563 4.78132
3.3 0.056 0.0527455 4.78126
3.4 0.056 0.0527394 4.78119
3.5 0.056 0.0527361 4.78112
3.6 0.056 0.0527342 4.78104
3.7 0.056 0.0527333 4.78096
3.8 0.056 0.0527328 4.78088
3.9 0.056 0.0527327 4.78079
4 0.056 0.0527326 4.78071
4.1 0.056 0.0527326 4.78062
4.2 0.056 0.0527327 4.78052
4.3 0.056 0.0527328 4.78043
4.4 0.056 0.0527329 4.78033
4.5 0.056 0.052733 4.78023
4.6 0.056 0.0527331 4.78014
4.7 0.056 0.0527332 4.78004
4.8 0.056 0.0527333 4.77994
4.9 0.056 0.0527334 4.77984
5 0.056 0.0527336 4.77974
5.1 0.056 0.0527337 4.77964
5.2 0.056 0.0527338 4.77954
5.3 0.056 0.0527339 4.77944
5.4 0.056 0.052734 4.77934
5.5 0.056 0.0527341 4.77923
5.6 0.056 0.0527343 4.77913
5.7 0.056 0.0527344 4.77903
5.8 0.056 0.0527345 4.77893
5.9 0.056 0.0527346 4.77882
6 0.056 0.0527348 4.77871
6.1 0.056 0.0527349 4.7786
6.2 0.056 0.0527351 4.77848
6.3 0.056 0.0527352 4.77836
6.4 0.056 0.0527354 4.77823
6.5 0.056 0.0527356 4.7781
6.6 0.056 0.0527358 4.77795
6.7 0.056 0.052736 4.7778
6.8 0.056 0.0527363 4.77763
6.9 0.056 0.0527366 4.77743
7 0.056 0.0527371 4.77721
7.1 0.056 0.0527377 4.77694
7.2 0.056 0.0527385 4.7766
7.3 0.056 0.0527398 4.77616
7.4 0.056 0.0527417 4.77555
7.5 0.056 0.0527446 4.77468
7.6 0.056 0.0527491 4.77341
7.7 0.056 0.0527557 4.77153
7.8 0.056 0.0527657 4.76873
7.9 0.056 0.0527805 4.7646
8 0.056 0.0528019 4.75856
8.1 0.056 0.0528326 4.74983
8.2 0.056 0.0528758 4.73741
8.3 0.056 0.0529354 4.72003
8.4 0.056 0.0530165 4.69617
8.5 0.056 0.0531245 4.66401
8.6 0.056 0.0532659 4.62152
8.7 0.056 0.0534476 4.56645
8.8 0.056 0.0536769 4.49651
8.9 0.056 0.05396 4.40936
9 0.056 0.0542995 4.30283
9.1 0.056 0.0546827 4.17597
9.2 0.056 0.0550428 4.03883
9.3 0.056 0.0551497 3.9589
9.4 0.056 0.0543876 4.1815
9.5 0.056 0.0515289 5.27364
9.6 0.056 0.0449341 8.22512
9.7 0.056 0.0336602 13.3906
9.8 0.056 0.018086 51.7997
9.9 0.056 0.0103904 49.2302

0 0.058 0.256719 0
0.1 0.058 0.258896 11.9492
0.2 0.058 0.265429 7.10312
0.3 0.058 0.262006 5.83597
0.4 0.058 0.2511 5.59124
0.5 0.058 0.2358 5.6013
0.6 0.058 0.21812 5.65852
0.7 0.058 0.199337 5.70469
0.8 0.058 0.180363 5.73272
0.9 0.058 0.161908 5.73867
1 0.058 0.14452 5.72048
1.1 0.058 0.128596 5.67798
1.2 0.058 0.114385 5.61175
1.3 0.058 0.102005 5.52416
1.4 0.058 0.0914619 5.41998
1.5 0.058 0.0826762 5.30616
1.6 0.058 0.0755054 5.19096
1.7 0.058 0.0697691 5.08272
1.8 0.058 0.0652695 4.98832
1.9 0.058 0.0618071 4.91205
2 0.058 0.0591933 4.85499
2.1 0.058 0.0572578 4.81541
2.2 0.058 0.0558521 4.78989
2.3 0.058 0.0548513 4.77455
2.4 0.058 0.0541529 4.76589
2.5 0.058 0.0536753 4.76128
2.6 0.058 0.0533554 4.75895
2.7 0.058 0.0531454 4.75781
2.8 0.058 0.0530102 4.75726
2.9 0.058 0.052925 4.757
3 0.058 0.0528723 4.75685
3.1 0.058 0.0528404 4.75675
3.2 0.058 0.0528215 4.75667
3.3 0.058 0.0528104 4.75659
3.4 0.058 0.0528042 4.75651
3.5 0.058 0.0528007 4.75644
3.6 0.058 0.0527988 4.75635
3.7 0.058 0.0527978 4.75627
3.8 0.058 0.0527973 4.75618
3.9 0.058 0.0527972 4.75609
4 0.058 0.0527971 4.756
4.1 0.058 0.0527971 4.7559
4.2 0.058 0.0527972 4.7558
4.3 0.058 0.0527973 4.7557
4.4 0.058 0.0527974 4.7556
4.5 0.058 0.0527975 4.7555
4.6 0.058 0.0527977 4.7554
4.7 0.058 0.0527978 4.75529
4.8 0.058 0.0527979 4.75519
4.9 0.058 0.052798 4.75508
5 0.058 0.0527982 4.75498
5.1 0.058 0.0527983 4.75487
5.2 0.058 0.0527984 4.75477
5.3 0.058 0.0527985 4.75466
5.4 0.058 0.0527987 4.75455
5.5 0.058 0.0527988 4.75445
5.6 0.058 0.0527989 4.75434
5.7 0.058 0.0527991 4.75423
5.8 0.058 0.0527992 4.75412
5.9 0.058 0.0527993 4.75401
6 0.058 0.0527995 4.7539
6.1 0.058 0.0527996 4.75378
6.2 0.058 0.0527998 4.75366
6.3 0.058 0.0528 4.75353
6.4 0.058 0.0528001 4.7534
6.5 0.058 0.0528004 4.75326
6.6 0.058 0.0528006 4.75311
6.7 0.058 0.0528008 4.75295
6.8 0.058 0.0528011 4.75277
6.9 0.058 0.0528015 4.75257
7 0.058 0.052802 4.75234
7.1 0.058 0.0528026 4.75207
7.2 0.058 0.0528035 4.75172
7.3 0.058 0.0528049 4.75127
7.4 0.058 0.0528069 4.75065
7.5 0.058 0.05281 4.74977
7.6 0.058 0.0528146 4.74849
7.7 0.058 0.0528216 4.7466
7.8 0.058 0.052832 4.7438
7.9 0.058 0.0528474 4.73966
8 0.058 0.0528698 4.73362
8.1 0.058 0.0529018 4.72489
8.2 0.058 0.0529468 4.71248
8.3 0.058 0.0530089 4.69513
8.4 0.058 0.0530932 4.67131
8.5 0.058 0.0532054 4.63923
8.6 0.058 0.0533523 4.59685
8.7 0.058 0.053541 4.54196
8.8 0.058 0.0537788 4.47225
8.9 0.058 0.0540722 4.38541
9 0.058 0.0544225 4.2793
9.1 0.058 0.054813 4.15348
9.2 0.058 0.0551641 4.02125
9.3 0.058 0.0552141 3.96103
9.4 0.058 0.0542965 4.23577
9.5 0.058 0.05115 5.41718
9.6 0.058 0.0441978 8.47914
9.7 0.058 0.0326896 13.7414
9.8 0.058 0.0172085 52.4389
9.9 0.058 0.00951592 49.4493

0 0.06 0.253607 0
0.1 0.06 0.256092 13.0222
0.2 0.06 0.263548 7.29222
0.3 0.06 0.260749 5.9085
0.4 0.06 0.250205 5.63081
0.5 0.06 0.235112 5.62903
0.6 0.06 0.217571 5.68472
0.7 0.06 0.198908 5.73051
0.8 0.06 0.180043 5.75716
0.9 0.06 0.16169 5.76117
1 0.06 0.144394 5.74016
1.1 0.06 0.128547 5.69434
1.2 0.06 0.114398 5.62483
1.3 0.06 0.102066 5.53418
1.4 0.06 0.091557 5.42717
1.5 0.06 0.0827931 5.31066
1.6 0.06 0.075634 5.19284
1.7 0.06 0.0699016 5.08199
1.8 0.06 0.0654001 4.98501
1.9 0.06 0.061932 4.90624
2 0.06 0.0593104 4.84688
2.1 0.06 0.0573661 4.8053
2.2 0.06 0.0559518 4.77814
2.3 0.06 0.0549432 4.76152
2.4 0.06 0.054238 4.75192
2.5 0.06 0.053755 4.74665
2.6 0.06 0.0534307 4.74386
2.7 0.06 0.0532174 4.74242
2.8 0.06 0.0530799 4.74168
2.9 0.06 0.052993 4.74129
3 0.06 0.0529392 4.74106
3.1 0.06 0.0529066 4.74091
3.2 0.06 0.0528871 4.7408
3.3 0.06 0.0528758 4.7407
3.4 0.06 0.0528693 4.74061
3.5 0.06 0.0528657 4.74052
3.6 0.06 0.0528638 4.74044
3.7 0.06 0.0528628 4.74035
3.8 0.06 0.0528623 4.74025
3.9 0.06 0.0528621 4.74016
4 0.06 0.0528621 4.74006
4.1 0.06 0.0528621 4.73996
4.2 0.06 0.0528622 4.73986
4.3 0.06 0.0528623 4.73975
4.4 0.06 0.0528624 4.73965
4.5 0.06 0.0528625 4.73954
4.6 0.06 0.0528627 4.73943
4.7 0.06 0.0528628 4.73932
4.8 0.06 0.0528629 4.73921
4.9 0.06 0.0528631 4.7391
5 0.06 0.0528632 4.73899
5.1 0.06 0.0528633 4.73888
5.2 0.06 0.0528635 4.73877
5.3 0.06 0.0528636 4.73866
5.4 0.06 0.0528638 4.73855
5.5 0.06 0.0528639 4.73843
5.6 0.06 0.052864 4.73832
5.7 0.06 0.0528642 4.73821
5.8 0.06 0.0528643 4.7381
5.9 0.06 0.0528645 4.73798
6 0.06 0.0528646 4.73786
6.1 0.06 0.0528648 4.73774
6.2 0.06 0.052865 4.73761
6.3 0.06 0.0528652 4.73748
6.4 0.06 0.0528654 4.73735
6.5 0.06 0.0528656 4.7372
6.6 0.06 0.0528658 4.73704
6.7 0.06 0.0528661 4.73688
6.8 0.06 0.0528664 4.73669
6.9 0.06 0.0528668 4.73649
7 0.06 0.0528673 4.73625
7.1 0.06 0.052868 4.73597
7.2 0.06 0.052869 4.73562
7.3 0.06 0.0528704 4.73516
7.4 0.06 0.0528725 4.73453
7.5 0.06 0.0528757 4.73364
7.6 0.06 0.0528806 4.73235
7.7 0.06 0.0528879 4.73045
7.8 0.06 0.0528988 4.72765
7.9 0.06 0.0529149 4.72351
8 0.06 0.0529382 4.71746
8.1 0.06 0.0529716 4.70873
8.2 0.06 0.0530183 4.69634
8.3 0.06 0.0530829 4.67902
8.4 0.06 0.0531704 4.65527
8.5 0.06 0.053287 4.62328
8.6 0.06 0.0534394 4.58105
8.7 0.06 0.053635 4.52637
8.8 0.06 0.0538815 4.45695
8.9 0.06 0.0541848 4.3705
9 0.06 0.0545455 4.26495
9.1 0.06 0.054942 4.14058
9.2 0.06 0.0552802 4.01445
9.3 0.06 0.0552659 3.97632
9.4 0.06 0.0541836 4.30476
9.5 0.06 0.0507478 5.57193
9.6 0.06 0.0434548 8.73398
9.7 0.06 0.0317436 14.0805
9.8 0.06 0.0163802 53.0115
9.9 0.06 0.00871131 49.5984

0 0.062 0.250662 0
0.1 0.062 0.253392 12.5247
0.2 0.062 0.261583 7.46962
0.3 0.062 0.259436 5.99672
0.4 0.062 0.249274 5.68409
0.5 0.062 0.234401 5.66888
0.6 0.062 0.217006 5.72225
0.7 0.062 0.198463 5.76818
0.8 0.062 0.179711 5.79383
0.9 0.062 0.161461 5.79639
1 0.062 0.144257 5.77307
1.1 0.062 0.128489 5.72426
1.2 0.062 0.114405 5.65164
1.3 0.062 0.102121 5.55808
1.4 0.062 0.0916471 5.44837
1.5 0.062 0.082906 5.32932
1.6 0.062 0.0757594 5.20906
1.7 0.062 0.0700317 5.09578
1.8 0.062 0.0655289 4.99641
1.9 0.062 0.0620557 4.91534
2 0.062 0.0594267 4.85385
2.1 0.062 0.0574741 4.81041
2.2 0.062 0.0560515 4.78172
2.3 0.062 0.0550351 4.7639
2.4 0.062 0.0543233 4.75342
2.5 0.062 0.0538348 4.74752
2.6 0.062 0.0535063 4.7443
2.7 0.062 0.0532898 4.74258
2.8 0.062 0.0531499 4.74165
2.9 0.062 0.0530614 4.74114
3 0.062 0.0530064 4.74083
3.1 0.062 0.052973 4.74064
3.2 0.062 0.0529531 4.74049
3.3 0.062 0.0529414 4.74038
3.4 0.062 0.0529348 4.74028
3.5 0.062 0.0529311 4.74018
3.6 0.062 0.0529291 4.74008
3.7 0.062 0.052928 4.73999
3.8 0.062 0.0529275 4.73989
3.9 0.062 0.0529273 4.73979
4 0.062 0.0529273 4.73969
4.1 0.062 0.0529273 4.73958
4.2 0.062 0.0529274 4.73947
4.3 0.062 0.0529276 4.73936
4.4 0.062 0.0529277 4.73925
4.5 0.062 0.0529278 4.73914
4.6 0.062 0.052928 4.73903
4.7 0.062 0.0529281 4.73891
4.8 0.062 0.0529283 4.7388
4.9 0.062 0.0529284 4.73868
5 0.062 0.0529286 4.73857
5.1 0.062 0.0529287 4.73845
5.2 0.062 0.0529288 4.73833
5.3 0.062 0.052929 4.73822
5.4 0.062 0.0529291 4.7381
5.5 0.062 0.0529293 4.73799
5.6 0.062 0.0529295 4.73787
5.7 0.062 0.0529296 4.73775
5.8 0.062 0.0529298 4.73763
5.9 0.062 0.0529299 4.73751
6 0.062 0.0529301 4.73739
6.1 0.062 0.0529303 4.73726
6.2 0.062 0.0529305 4.73713
6.3 0.062 0.0529307 4.737
6.4 0.062 0.0529309 4.73685
6.5 0.062 0.0529311 4.7367
6.6 0.062 0.0529314 4.73654
6.7 0.062 0.0529317 4.73637
6.8 0.062 0.052932 4.73618
6.9 0.062 0.0529325 4.73597
7 0.062 0.052933 4.73572
7.1 0.062 0.0529337 4.73544
7.2 0.062 0.0529347 4.73508
7.3 0.062 0.0529362 4.73461
7.4 0.062 0.0529385 4.73398
7.5 0.062 0.0529419 4.73308
7.6 0.062 0.0529469 4.73178
7.7 0.062 0.0529546 4.72987
7.8 0.062 0.052966 4.72705
7.9 0.062 0.0529827 4.7229
8 0.062 0.053007 4.71685
8.1 0.062 0.0530417 4.70813
8.2 0.062 0.0530903 4.69574
8.3 0.062 0.0531573 4.67845
8.4 0.062 0.0532482 4.65474
8.5 0.062 0.053369 4.62283
8.6 0.062 0.0535269 4.58072
8.7 0.062 0.0537296 4.52622
8.8 0.062 0.0539846 4.45705
8.9 0.062 0.0542979 4.37094
9 0.062 0.0546684 4.26592
9.1 0.062 0.0550691 4.14315
9.2 0.062 0.0553904 4.02392
9.3 0.062 0.0553042 4.0094
9.4 0.062 0.054049 4.39186
9.5 0.062 0.0503241 5.74102
9.6 0.062 0.042708 8.99611
9.7 0.062 0.0308237 14.4216
9.8 0.062 0.0156002 53.6129
9.9 0.062 0.00797248 49.7549

0 0.064 0.247545 0
0.1 0.064 0.250551 14.1389
0.2 0.064 0.259568 7.67743
0.3 0.064 0.258073 6.10289
0.4 0.064 0.248311 5.75501
0.5 0.064 0.23367 5.72459
0.6 0.064 0.216426 5.77399
0.7 0.064 0.198007 5.82007
0.8 0.064 0.179368 5.84478
0.9 0.064 0.161222 5.84607
1 0.064 0.144112 5.82079
1.1 0.064 0.128424 5.7692
1.2 0.064 0.114404 5.69351
1.3 0.064 0.102171 5.59697
1.4 0.064 0.091733 5.48448
1.5 0.064 0.0830155 5.36282
1.6 0.064 0.0758823 5.24002
1.7 0.064 0.0701598 5.12425
1.8 0.064 0.0656563 5.02242
1.9 0.064 0.0621785 4.93898
2 0.064 0.0595425 4.87531
2.1 0.064 0.0575818 4.82996
2.2 0.064 0.0561511 4.79969
2.3 0.064 0.0551273 4.78064
2.4 0.064 0.054409 4.76923
2.5 0.064 0.0539151 4.76267
2.6 0.064 0.0535823 4.759
2.7 0.064 0.0533625 4.75697
2.8 0.064 0.0532203 4.75585
2.9 0.064 0.0531301 4.7552
3 0.064 0.053074 4.75482
3.1 0.064 0.0530398 4.75457
3.2 0.064 0.0530194 4.7544
3.3 0.064 0.0530074 4.75426
3.4 0.064 0.0530006 4.75414
3.5 0.064 0.0529968 4.75404
3.6 0.064 0.0529947 4.75394
3.7 0.064 0.0529936 4.75383
3.8 0.064 0.0529931 4.75373
3.9 0.064 0.0529929 4.75362
4 0.064 0.0529929 4.75352
4.1 0.064 0.0529929 4.75341
4.2 0.064 0.052993 4.75329
4.3 0.064 0.0529932 4.75318
4.4 0.064 0.0529933 4.75306
4.5 0.064 0.0529935 4.75295
4.6 0.064 0.0529936 4.75283
4.7 0.064 0.0529938 4.75271
4.8 0.064 0.0529939 4.75259
4.9 0.064 0.0529941 4.75247
5 0.064 0.0529943 4.75235
5.1 0.064 0.0529944 4.75223
5.2 0.064 0.0529946 4.7521
5.3 0.064 0.0529947 4.75198
5.4 0.064 0.0529949 4.75186
5.5 0.064 0.0529951 4.75174
5.6 0.064 0.0529952 4.75162
5.7 0.064 0.0529954 4.7515
5.8 0.064 0.0529956 4.75137
5.9 0.064 0.0529958 4.75125
6 0.064 0.052996 4.75112
6.1 0.064 0.0529962 4.75099
6.2 0.064 0.0529964 4.75085
6.3 0.064 0.0529966 4.75071
6.4 0.064 0.0529968 4.75056
6.5 0.064 0.0529971 4.75041
6.6 0.064 0.0529973 4.75024
6.7 0.064 0.0529976 4.75006
6.8 0.064 0.052998 4.74987
6.9 0.064 0.0529985 4.74965
7 0.064 0.052999 4.7494
7.1 0.064 0.0529998 4.74911
7.2 0.064 0.0530009 4.74874
7.3 0.064 0.0530025 4.74827
7.4 0.064 0.0530048 4.74762
7.5 0.064 0.0530083 4.74672
7.6 0.064 0.0530137 4.74541
7.7 0.064 0.0530217 4.74349
7.8 0.064 0.0530335 4.74066
7.9 0.064 0.053051 4.7365
8 0.064 0.0530762 4.73044
8.1 0.064 0.0531123 4.72172
8.2 0.064 0.0531627 4.70934
8.3 0.064 0.0532323 4.69207
8.4 0.064 0.0533264 4.6684
8.5 0.064 0.0534516 4.63657
8.6 0.064 0.0536151 4.59457
8.7 0.064 0.0538247 4.54024
8.8 0.064 0.0540882 4.47132
8.9 0.064 0.0544113 4.38554
9 0.064 0.0547911 4.28111
9.1 0.064 0.0551943 4.16024
9.2 0.064 0.0554943 4.04894
9.3 0.064 0.0553288 4.0597
9.4 0.064 0.0538934 4.49636
9.5 0.064 0.0498811 5.92351
9.6 0.064 0.0419601 9.26383
9.7 0.064 0.0299304 14.7608
9.8 0.064 0.0148642 54.2105
9.9 0.064 0.00729398 49.8952

0 0.066 0.244222 0
0.1 0.066 0.247532 13.5004
0.2 0.066 0.257462 7.92805
0.3 0.066 0.256654 6.24831
0.4 0.066 0.247309 5.86398
0.5 0.066 0.232914 5.81641
0.6 0.066 0.21583 5.85908
0.7 0.066 0.197537 5.90437
0.8 0.066 0.179012 5.92764
0.9 0.066 0.160972 5.92735
1 0.066 0.143956 5.9001
1.1 0.066 0.12835 5.84571
1.2 0.066 0.114397 5.76674
1.3 0.066 0.102215 5.66686
1.4 0.066 0.0918141 5.55116
1.5 0.066 0.0831211 5.4264
1.6 0.066 0.0760022 5.30056
1.7 0.066 0.0702857 5.18178
1.8 0.066 0.0657823 5.07699
1.9 0.066 0.0623004 4.99072
2 0.066 0.0596579 4.92443
2.1 0.066 0.0576895 4.8768
2.2 0.066 0.056251 4.84463
2.3 0.066 0.0552198 4.82408
2.4 0.066 0.0544951 4.81155
2.5 0.066 0.0539959 4.80417
2.6 0.066 0.0536589 4.79994
2.7 0.066 0.053436 4.79753
2.8 0.066 0.0532914 4.79615
2.9 0.066 0.0531996 4.79534
3 0.066 0.0531423 4.79485
3.1 0.066 0.0531073 4.79454
3.2 0.066 0.0530864 4.79432
3.3 0.066 0.0530741 4.79416
3.4 0.066 0.0530671 4.79403
3.5 0.066 0.0530632 4.79391
3.6 0.066 0.053061 4.7938
3.7 0.066 0.0530599 4.79369
3.8 0.066 0.0530594 4.79358
3.9 0.066 0.0530592 4.79347
4 0.066 0.0530592 4.79336
4.1 0.066 0.0530593 4.79324
4.2 0.066 0.0530594 4.79312
4.3 0.066 0.0530595 4.79301
4.4 0.066 0.0530597 4.79288
4.5 0.066 0.0530598 4.79276
4.6 0.066 0.05306 4.79264
4.7 0.066 0.0530602 4.79251
4.8 0.066 0.0530603 4.79239
4.9 0.066 0.0530605 4.79226
5 0.066 0.0530607 4.79214
5.1 0.066 0.0530609 4.79201
5.2 0.066 0.053061 4.79189
5.3 0.066 0.0530612 4.79176
5.4 0.066 0.0530614 4.79164
5.5 0.066 0.0530616 4.79151
5.6 0.066 0.0530617 4.79138
5.7 0.066 0.0530619 4.79126
5.8 0.066 0.0530621 4.79113
5.9 0.066 0.0530623 4.791
6 0.066 0.0530625 4.79087
6.1 0.066 0.0530627 4.79073
6.2 0.066 0.0530629 4.79059
6.3 0.066 0.0530632 4.79044
6.4 0.066 0.0530634 4.79029
6.5 0.066 0.0530637 4.79013
6.6 0.066 0.053064 4.78996
6.7 0.066 0.0530643 4.78978
6.8 0.066 0.0530647 4.78958
6.9 0.066 0.0530652 4.78935
7 0.066 0.0530658 4.7891
7.1 0.066 0.0530666 4.7888
7.2 0.066 0.0530678 4.78843
7.3 0.066 0.0530694 4.78794
7.4 0.066 0.0530719 4.78729
7.5 0.066 0.0530756 4.78638
7.6 0.066 0.0530811 4.78506
7.7 0.066 0.0530895 4.78313
7.8 0.066 0.0531018 4.78029
7.9 0.066 0.05312 4.77612
8 0.066 0.0531462 4.77005
8.1 0.066 0.0531836 4.76133
8.2 0.066 0.053236 4.74896
8.3 0.066 0.053308 4.73171
8.4 0.066 0.0534055 4.7081
8.5 0.066 0.053535 4.67635
8.6 0.066 0.0537041 4.63449
8.7 0.066 0.0539208 4.58037
8.8 0.066 0.0541928 4.51174
8.9 0.066 0.0545255 4.42639
9 0.066 0.0549138 4.32273
9.1 0.066 0.0553175 4.20434
9.2 0.066 0.0555917 4.10236
9.3 0.066 0.0553395 4.1404
9.4 0.066 0.0537175 4.63149
9.5 0.066 0.049421 6.13217
9.6 0.066 0.0412137 9.54801
9.7 0.066 0.0290651 15.1046
9.8 0.066 0.0141726 54.7609
9.9 0.066 0.00667238 49.9917

0 0.068 0.241201 0
0.1 0.068 0.244727 14.9899
0.2 0.068 0.255307 8.15781
0.3 0.068 0.25518 6.37835
0.4 0.068 0.24627 5.95735
0.5 0.068 0.232135 5.89273
0.6 0.068 0.215218 5.928
0.7 0.068 0.197053 5.97333
0.8 0.068 0.178645 5.99624
0.9 0.068 0.160712 5.9951
1 0.068 0.143792 5.96676
1.1 0.068 0.128268 5.91043
1.2 0.068 0.114382 5.8289
1.3 0.068 0.102253 5.72634
1.4 0.068 0.0918902 5.60807
1.5 0.068 0.0832228 5.48089
1.6 0.068 0.0761189 5.35274
1.7 0.068 0.0704092 5.2317
1.8 0.068 0.0659065 5.12471
1.9 0.068 0.062421 5.03631
2 0.068 0.0597724 4.96806
2.1 0.068 0.0577968 4.91869
2.2 0.068 0.0563507 4.88507
2.3 0.068 0.0553124 4.86338
2.4 0.068 0.0545814 4.84999
2.5 0.068 0.0540769 4.84201
2.6 0.068 0.0537358 4.83734
2.7 0.068 0.0535097 4.83464
2.8 0.068 0.0533628 4.83307
2.9 0.068 0.0532692 4.83214
3 0.068 0.0532108 4.83158
3.1 0.068 0.0531751 4.83121
3.2 0.068 0.0531536 4.83096
3.3 0.068 0.053141 4.83078
3.4 0.068 0.0531338 4.83063
3.5 0.068 0.0531298 4.8305
3.6 0.068 0.0531276 4.83038
3.7 0.068 0.0531264 4.83027
3.8 0.068 0.0531259 4.83015
3.9 0.068 0.0531257 4.83004
4 0.068 0.0531257 4.82992
4.1 0.068 0.0531257 4.8298
4.2 0.068 0.0531259 4.82968
4.3 0.068 0.053126 4.82956
4.4 0.068 0.0531262 4.82943
4.5 0.068 0.0531264 4.8293
4.6 0.068 0.0531265 4.82917
4.7 0.068 0.0531267 4.82904
4.8 0.068 0.0531269 4.82891
4.9 0.068 0.0531271 4.82878
5 0.068 0.0531273 4.82865
5.1 0.068 0.0531275 4.82852
5.2 0.068 0.0531277 4.82839
5.3 0.068 0.0531279 4.82826
5.4 0.068 0.0531281 4.82813
5.5 0.068 0.0531282 4.828
5.6 0.068 0.0531284 4.82787
5.7 0.068 0.0531286 4.82774
5.8 0.068 0.0531288 4.8276
5.9 0.068 0.053129 4.82747
6 0.068 0.0531293 4.82733
6.1 0.068 0.0531295 4.82719
6.2 0.068 0.0531297 4.82704
6.3 0.068 0.05313 4.82689
6.4 0.068 0.0531302 4.82674
6.5 0.068 0.0531305 4.82657
6.6 0.068 0.0531308 4.82639
6.7 0.068 0.0531312 4.82621
6.8 0.068 0.0531316 4.826
6.9 0.068 0.0531321 4.82577
7 0.068 0.0531328 4.82551
7.1 0.068 0.0531336 4.8252
7.2 0.068 0.0531348 4.82482
7.3 0.068 0.0531366 4.82433
7.4 0.068 0.0531392 4.82367
7.5 0.068 0.053143 4.82274
7.6 0.068 0.0531488 4.82141
7.7 0.068 0.0531575 4.81947
7.8 0.068 0.0531704 4.81662
7.9 0.068 0.0531892 4.81244
8 0.068 0.0532165 4.80636
8.1 0.068 0.0532553 4.79763
8.2 0.068 0.0533095 4.78525
8.3 0.068 0.0533841 4.76801
8.4 0.068 0.0534849 4.74442
8.5 0.068 0.0536189 4.71272
8.6 0.068 0.0537936 4.67094
8.7 0.068 0.0540172 4.61694
8.8 0.068 0.0542977 4.54851
8.9 0.068 0.0546398 4.46344
9 0.068 0.0550358 4.36042
9.1 0.068 0.0554379 4.24452
9.2 0.068 0.0556818 4.1523
9.3 0.068 0.0553359 4.21806
9.4 0.068 0.0535218 4.76226
9.5 0.068 0.0489455 6.33281
9.6 0.068 0.0404705 9.82133
9.7 0.068 0.0282274 15.4397
9.8 0.068 0.0135206 55.3958
9.9 0.068 0.00610253 50.1367

0 0.07 0.237426 0
0.1 0.07 0.241333 15.1808
0.2 0.07 0.253056 8.54383
0.3 0.07 0.253652 6.60625
0.4 0.07 0.245193 6.14727
0.5 0.07 0.23133 6.06356
0.6 0.07 0.214589 6.08698
0.7 0.07 0.196558 6.1292
0.8 0.07 0.178267 6.15
0.9 0.07 0.160442 6.14658
1 0.07 0.143618 6.11632
1.1 0.07 0.128178 6.0575
1.2 0.07 0.114361 5.97271
1.3 0.07 0.102285 5.86654
1.4 0.07 0.0919621 5.74459
1.5 0.07 0.0833212 5.61375
1.6 0.07 0.0762332 5.48196
1.7 0.07 0.070531 5.3573
1.8 0.07 0.0660296 5.24674
1.9 0.07 0.0625411 5.15493
2 0.07 0.0598869 5.08353
2.1 0.07 0.0579043 5.03139
2.2 0.07 0.0564509 4.99547
2.3 0.07 0.0554057 4.97194
2.4 0.07 0.0546686 4.95716
2.5 0.07 0.054159 4.94815
2.6 0.07 0.0538137 4.94276
2.7 0.07 0.0535845 4.93957
2.8 0.07 0.0534352 4.93767
2.9 0.07 0.05334 4.93652
3 0.07 0.0532805 4.93581
3.1 0.07 0.0532439 4.93536
3.2 0.07 0.053222 4.93506
3.3 0.07 0.0532091 4.93484
3.4 0.07 0.0532017 4.93467
3.5 0.07 0.0531975 4.93453
3.6 0.07 0.0531952 4.9344
3.7 0.07 0.0531941 4.93427
3.8 0.07 0.0531935 4.93415
3.9 0.07 0.0531933 4.93403
4 0.07 0.0531933 4.93391
4.1 0.07 0.0531934 4.93379
4.2 0.07 0.0531935 4.93366
4.3 0.07 0.0531937 4.93353
4.4 0.07 0.0531938 4.9334
4.5 0.07 0.053194 4.93327
4.6 0.07 0.0531942 4.93314
4.7 0.07 0.0531944 4.933
4.8 0.07 0.0531946 4.93287
4.9 0.07 0.0531948 4.93273
5 0.07 0.053195 4.9326
5.1 0.07 0.0531952 4.93246
5.2 0.07 0.0531954 4.93233
5.3 0.07 0.0531956 4.93219
5.4 0.07 0.0531958 4.93206
5.5 0.07 0.0531961 4.93192
5.6 0.07 0.0531963 4.93179
5.7 0.07 0.0531965 4.93165
5.8 0.07 0.0531967 4.93152
5.9 0.07 0.0531969 4.93138
6 0.07 0.0531971 4.93123
6.1 0.07 0.0531974 4.93109
6.2 0.07 0.0531976 4.93094
6.3 0.07 0.0531979 4.93079
6.4 0.07 0.0531982 4.93063
6.5 0.07 0.0531985 4.93046
6.6 0.07 0.0531988 4.93028
6.7 0.07 0.0531992 4.93008
6.8 0.07 0.0531997 4.92987
6.9 0.07 0.0532002 4.92964
7 0.07 0.0532009 4.92937
7.1 0.07 0.0532018 4.92906
7.2 0.07 0.0532031 4.92867
7.3 0.07 0.0532049 4.92817
7.4 0.07 0.0532076 4.9275
7.5 0.07 0.0532116 4.92657
7.6 0.07 0.0532177 4.92523
7.7 0.07 0.0532267 4.92327
7.8 0.07 0.0532401 4.92041
7.9 0.07 0.0532597 4.91622
8 0.07 0.0532879 4.91013
8.1 0.07 0.0533281 4.90139
8.2 0.07 0.0533843 4.88903
8.3 0.07 0.0534614 4.87181
8.4 0.07 0.0535657 4.84827
8.5 0.07 0.053704 4.81667
8.6 0.07 0.0538843 4.77504
8.7 0.07 0.054115 4.72129
8.8 0.07 0.0544039 4.6532
8.9 0.07 0.0547551 4.56868
9 0.07 0.055158 4.46679
9.1 0.07 0.0555561 4.3545
9.2 0.07 0.0557648 4.27423
9.3 0.07 0.0553184 4.37034
9.4 0.07 0.0533078 4.96792
9.5 0.07 0.0484572 6.60286
9.6 0.07 0.0397332 10.1499
9.7 0.07 0.0274183 15.8087
9.8 0.07 0.0129084 55.9075
9.9 0.07 0.0055812 50.1979

