0 0 0.995933 0
0.1 0 0.999998 6.72974
0.2 0 0.999998 6.77651
0.3 0 0.999998 6.8091
0.4 0 0.999998 6.82562
0.5 0 0.999998 6.82513
0.6 0 0.999998 6.80772
0.7 0 0.999999 6.7745
0.8 0 0.999999 6.7275
0.9 0 0.999999 6.66946
1 0 0.999999 6.60355
1.1 0 0.999999 6.53311
1.2 0 0.999999 6.46138
1.3 0 1 6.39125
1.4 0 1 6.32509
1.5 0 1 6.26469
1.6 0 1 6.21119
1.7 0 1 6.16512
1.8 0 1 6.12651
1.9 0 1 6.09499
2 0 1 6.0699
2.1 0 1 6.05041
2.2 0 1 6.03562
2.3 0 1 6.02467
2.4 0 1 6.01675
2.5 0 1 6.01114
2.6 0 1 6.00727
2.7 0 1 6.00464
2.8 0 1 6.00291
2.9 0 1 6.00179
3 0 1 6.00107
3.1 0 1 6.00063
3.2 0 1 6.00037
3.3 0 1 6.00021
3.4 0 1 6.00012
3.5 0 1 6.00006
3.6 0 1 6.00003
3.7 0 1 6.00002
3.8 0 1 6.00001
3.9 0 1 6
4 0 1 6
4.1 0 1 6
4.2 0 1 6
4.3 0 1 6
4.4 0 1 6
4.5 0 1 6
4.6 0 1 6
4.7 0 1 6
4.8 0 1 6
4.9 0 1 6
5 0 1 6
5.1 0 1 6
5.2 0 1 6
5.3 0 1 6
5.4 0 1 6
5.5 0 1 6
5.6 0 1 6
5.7 0 1 6
5.8 0 1 6
5.9 0 1 6
6 0 1 6
6.1 0 1 6
6.2 0 1 6
6.3 0 1 6
6.4 0 1 6.00001
6.5 0 1 6.00001
6.6 0 1 6.00001
6.7 0 1 6.00001
6.8 0 1 6.00001
6.9 0 1 6
7 0 1 5.99997
7.1 0 1 5.99992
7.2 0 1 5.99982
7.3 0 1 5.99963
7.4 0 1 5.9993
7.5 0 1 5.99873
7.6 0 1 5.99778
7.7 0 1 5.99625
7.8 0 1 5.99384
7.9 0 1 5.99012
8 0 1 5.98451
8.1 0 1 5.97624
8.2 0 1 5.96428
8.3 0 1 5.94735
8.4 0 1 5.92389
8.5 0 1 5.89203
8.6 0 1 5.84962
8.7 0 1 5.79432
8.8 0 1 5.72363
8.9 0 1 5.63507
9 0 1 5.52634
9.1 0 1 5.39549
9.2 0 1 5.24114
9.3 0 1 5.06268
9.4 0 1 4.86043
9.5 0 1 4.63574
9.6 0 1 4.39108
9.7 0 1 4.12992
9.8 0 1 3.85668
9.9 0 1 3.57643

0 0.002 1.01337 0
0.1 0.002 1.01749 7.48425
0.2 0.002 1.01754 7.49525
0.3 0.002 1.01761 7.51553
0.4 0.002 1.01772 7.52254
0.5 0.002 1.01786 7.51069
0.6 0.002 1.01801 7.48264
0.7 0.002 1.01818 7.4404
0.8 0.002 1.01836 7.38574
0.9 0.002 1.01853 7.32091
1 0.002 1.0187 7.2486
1.1 0.002 1.01885 7.17187
1.2 0.002 1.01899 7.09385
1.3 0.002 1.01911 7.01752
1.4 0.002 1.01921 6.94551
1.5 0.002 1.01929 6.87991
1.6 0.002 1.01936 6.82214
1.7 0.002 1.01942 6.77291
1.8 0.002 1.01946 6.73223
1.9 0.002 1.01949 6.69957
2 0.002 1.01951 6.67402
2.1 0.002 1.01953 6.65449
2.2 0.002 1.01954 6.63988
2.3 0.002 1.01954 6.62918
2.4 0.002 1.01955 6.62148
2.5 0.002 1.01955 6.61606
2.6 0.002 1.01955 6.61232
2.7 0.002 1.01956 6.6098
2.8 0.002 1.01956 6.60812
2.9 0.002 1.01956 6.60704
3 0.002 1.01956 6.60635
3.1 0.002 1.01956 6.60593
3.2 0.002 1.01956 6.60567
3.3 0.002 1.01956 6.60551
3.4 0.002 1.01956 6.60542
3.5 0.002 1.01956 6.60537
3.6 0.002 1.01956 6.60534
3.7 0.002 1.01956 6.60533
3.8 0.002 1.01956 6.60532
3.9 0.002 1.01956 6.60532
4 0.002 1.01956 6.60531
4.1 0.002 1.01956 6.60531
4.2 0.002 1.01956 6.60531
4.3 0.002 1.01956 6.60531
4.4 0.002 1.01956 6.60531
4.5 0.002 1.01956 6.60531
4.6 0.002 1.01956 6.60531
4.7 0.002 1.01956 6.60531
4.8 0.002 1.01956 6.60531
4.9 0.002 1.01956 6.60531
5 0.002 1.01956 6.60531
5.1 0.002 1.01956 6.60531
5.2 0.002 1.01956 6.60531
5.3 0.002 1.01956 6.60531
5.4 0.002 1.01956 6.60531
5.5 0.002 1.01956 6.60531
5.6 0.002 1.01956 6.60531
5.7 0.002 1.01956 6.60531
5.8 0.002 1.01956 6.60531
5.9 0.002 1.01956 6.6053
6 0.002 1.01956 6.6053
6.1 0.002 1.01956 6.6053
6.2 0.002 1.01956 6.6053
6.3 0.002 1.01956 6.6053
6.4 0.002 1.01956 6.6053
6.5 0.002 1.01956 6.6053
6.6 0.002 1.01956 6.6053
6.7 0.002 1.01956 6.6053
6.8 0.002 1.01956 6.60529
6.9 0.002 1.01956 6.60527
7 0.002 1.01956 6.60524
7.1 0.002 1.01956 6.60518
7.2 0.002 1.01956 6.60506
7.3 0.002 1.01956 6.60486
7.4 0.002 1.01956 6.6045
7.5 0.002 1.01956 6.6039
7.6 0.002 1.01956 6.6029
7.7 0.002 1.01956 6.6013
7.8 0.002 1.01956 6.59878
7.9 0.002 1.01956 6.5949
8 0.002 1.01956 6.58905
8.1 0.002 1.01956 6.58043
8.2 0.002 1.01956 6.56798
8.3 0.002 1.01956 6.55038
8.4 0.002 1.01956 6.52598
8.5 0.002 1.01956 6.49286
8.6 0.002 1.01956 6.44879
8.7 0.002 1.01956 6.39132
8.8 0.002 1.01956 6.31789
8.9 0.002 1.01956 6.22593
9 0.002 1.01956 6.11304
9.1 0.002 1.01956 5.97722
9.2 0.002 1.01956 5.81706
9.3 0.002 1.01956 5.63193
9.4 0.002 1.01956 5.42218
9.5 0.002 1.01956 5.18923
9.6 0.002 1.01956 4.93562
9.7 0.002 1.01956 4.66717
9.8 0.002 1.01956 5.46946
9.9 0.002 1.01956 5.24429

0 0.004 1.01358 0
0.1 0.004 1.01774 7.66039
0.2 0.004 1.01784 7.62598
0.3 0.004 1.01798 7.65687
0.4 0.004 1.01819 7.689
0.5 0.004 1.01846 7.69564
0.6 0.004 1.01877 7.67671
0.7 0.004 1.0191 7.63675
0.8 0.004 1.01945 7.5799
0.9 0.004 1.0198 7.50975
1 0.004 1.02013 7.42967
1.1 0.004 1.02044 7.34306
1.2 0.004 1.02071 7.25347
1.3 0.004 1.02095 7.16448
1.4 0.004 1.02116 7.07951
1.5 0.004 1.02133 7.0016
1.6 0.004 1.02147 6.93303
1.7 0.004 1.02158 6.8751
1.8 0.004 1.02166 6.82806
1.9 0.004 1.02172 6.79121
2 0.004 1.02177 6.7632
2.1 0.004 1.0218 6.74243
2.2 0.004 1.02182 6.72732
2.3 0.004 1.02184 6.7165
2.4 0.004 1.02185 6.70887
2.5 0.004 1.02186 6.70355
2.6 0.004 1.02186 6.69991
2.7 0.004 1.02186 6.69747
2.8 0.004 1.02186 6.69585
2.9 0.004 1.02186 6.6948
3 0.004 1.02187 6.69414
3.1 0.004 1.02187 6.69373
3.2 0.004 1.02187 6.69348
3.3 0.004 1.02187 6.69333
3.4 0.004 1.02187 6.69324
3.5 0.004 1.02187 6.69319
3.6 0.004 1.02187 6.69316
3.7 0.004 1.02187 6.69315
3.8 0.004 1.02187 6.69314
3.9 0.004 1.02187 6.69313
4 0.004 1.02187 6.69313
4.1 0.004 1.02187 6.69313
4.2 0.004 1.02187 6.69313
4.3 0.004 1.02187 6.69312
4.4 0.004 1.02187 6.69312
4.5 0.004 1.02187 6.69312
4.6 0.004 1.02187 6.69312
4.7 0.004 1.02187 6.69312
4.8 0.004 1.02187 6.69312
4.9 0.004 1.02187 6.69312
5 0.004 1.02187 6.69312
5.1 0.004 1.02187 6.69312
5.2 0.004 1.02187 6.69312
5.3 0.004 1.02187 6.69312
5.4 0.004 1.02187 6.69311
5.5 0.004 1.02187 6.69311
5.6 0.004 1.02187 6.69311
5.7 0.004 1.02187 6.69311
5.8 0.004 1.02187 6.69311
5.9 0.004 1.02187 6.69311
6 0.004 1.02187 6.6931
6.1 0.004 1.02187 6.6931
6.2 0.004 1.02187 6.6931
6.3 0.004 1.02187 6.6931
6.4 0.004 1.02187 6.69309
6.5 0.004 1.02187 6.69309
6.6 0.004 1.02187 6.69308
6.7 0.004 1.02187 6.69308
6.8 0.004 1.02187 6.69306
6.9 0.004 1.02187 6.69304
7 0.004 1.02187 6.693
7.1 0.004 1.02187 6.69293
7.2 0.004 1.02187 6.69281
7.3 0.004 1.02187 6.69259
7.4 0.004 1.02187 6.69223
7.5 0.004 1.02187 6.69161
7.6 0.004 1.02187 6.6906
7.7 0.004 1.02187 6.68897
7.8 0.004 1.02187 6.68643
7.9 0.004 1.02187 6.68252
8 0.004 1.02187 6.67663
8.1 0.004 1.02187 6.66797
8.2 0.004 1.02187 6.65546
8.3 0.004 1.02187 6.63778
8.4 0.004 1.02187 6.61328
8.5 0.004 1.02187 6.58003
8.6 0.004 1.02187 6.5358
8.7 0.004 1.02187 6.47814
8.8 0.004 1.02187 6.40448
8.9 0.004 1.02187 6.31226
9 0.004 1.02187 6.19908
9.1 0.004 1.02187 6.06295
9.2 0.004 1.02187 5.90246
9.3 0.004 1.02187 5.71701
9.4 0.004 1.02187 5.50695
9.5 0.004 1.02187 5.27371
9.6 0.004 1.02187 5.01993
9.7 0.004 1.02187 4.77323
9.8 0.004 1.02187 8.03632
9.9 0.004 1.02188 8.02211

0 0.006 1.01358 0
0.1 0.006 1.01777 7.82251
0.2 0.006 1.01786 7.72657
0.3 0.006 1.01806 7.75373
0.4 0.006 1.01837 7.80209
0.5 0.006 1.01876 7.82981
0.6 0.006 1.01922 7.82863
0.7 0.006 1.01972 7.80061
0.8 0.006 1.02024 7.75006
0.9 0.006 1.02075 7.68124
1 0.006 1.02125 7.59818
1.1 0.006 1.02171 7.50485
1.2 0.006 1.02213 7.40541
1.3 0.006 1.02249 7.30427
1.4 0.006 1.0228 7.20593
1.5 0.006 1.02306 7.11465
1.6 0.006 1.02327 7.03388
1.7 0.006 1.02343 6.96581
1.8 0.006 1.02356 6.9111
1.9 0.006 1.02365 6.86901
2 0.006 1.02372 6.83781
2.1 0.006 1.02377 6.81533
2.2 0.006 1.0238 6.79944
2.3 0.006 1.02383 6.78837
2.4 0.006 1.02384 6.78072
2.5 0.006 1.02385 6.77548
2.6 0.006 1.02386 6.77193
2.7 0.006 1.02387 6.76956
2.8 0.006 1.02387 6.768
2.9 0.006 1.02387 6.76699
3 0.006 1.02387 6.76635
3.1 0.006 1.02387 6.76596
3.2 0.006 1.02387 6.76571
3.3 0.006 1.02387 6.76557
3.4 0.006 1.02387 6.76548
3.5 0.006 1.02387 6.76543
3.6 0.006 1.02387 6.7654
3.7 0.006 1.02387 6.76539
3.8 0.006 1.02387 6.76538
3.9 0.006 1.02387 6.76537
4 0.006 1.02387 6.76537
4.1 0.006 1.02387 6.76537
4.2 0.006 1.02387 6.76536
4.3 0.006 1.02387 6.76536
4.4 0.006 1.02387 6.76536
4.5 0.006 1.02387 6.76536
4.6 0.006 1.02387 6.76536
4.7 0.006 1.02387 6.76536
4.8 0.006 1.02387 6.76535
4.9 0.006 1.02387 6.76535
5 0.006 1.02387 6.76535
5.1 0.006 1.02387 6.76535
5.2 0.006 1.02387 6.76535
5.3 0.006 1.02387 6.76534
5.4 0.006 1.02387 6.76534
5.5 0.006 1.02387 6.76534
5.6 0.006 1.02387 6.76534
5.7 0.006 1.02387 6.76533
5.8 0.006 1.02387 6.76533
5.9 0.006 1.02387 6.76533
6 0.006 1.02387 6.76532
6.1 0.006 1.02387 6.76532
6.2 0.006 1.02387 6.76531
6.3 0.006 1.02387 6.76531
6.4 0.006 1.02387 6.7653
6.5 0.006 1.02387 6.76529
6.6 0.006 1.02387 6.76528
6.7 0.006 1.02387 6.76527
6.8 0.006 1.02387 6.76525
6.9 0.006 1.02387 6.76523
7 0.006 1.02387 6.76518
7.1 0.006 1.02387 6.7651
7.2 0.006 1.02387 6.76497
7.3 0.006 1.02387 6.76475
7.4 0.006 1.02387 6.76437
7.5 0.006 1.02387 6.76374
7.6 0.006 1.02387 6.76271
7.7 0.006 1.02387 6.76107
7.8 0.006 1.02387 6.7585
7.9 0.006 1.02387 6.75457
8 0.006 1.02387 6.74865
8.1 0.006 1.02387 6.73994
8.2 0.006 1.02387 6.72738
8.3 0.006 1.02387 6.70964
8.4 0.006 1.02387 6.68506
8.5 0.006 1.02387 6.65171
8.6 0.006 1.02387 6.60736
8.7 0.006 1.02387 6.54956
8.8 0.006 1.02387 6.47573
8.9 0.006 1.02387 6.38332
9 0.006 1.02387 6.26994
9.1 0.006 1.02387 6.13361
9.2 0.006 1.02387 5.97292
9.3 0.006 1.02387 5.78729
9.4 0.006 1.02387 5.57708
9.5 0.006 1.02388 5.34373
9.6 0.006 1.02388 5.09078
9.7 0.006 1.02388 4.90744
9.8 0.006 1.02388 11.2825
9.9 0.006 1.02388 11.4953

0 0.008 1.01342 0
0.1 0.008 1.01764 7.98732
0.2 0.008 1.01776 7.81382
0.3 0.008 1.01803 7.83039
0.4 0.008 1.01844 7.88649
0.5 0.008 1.01896 7.92958
0.6 0.008 1.01957 7.94493
0.7 0.008 1.02023 7.93087
0.8 0.008 1.02091 7.89014
0.9 0.008 1.0216 7.82664
1 0.008 1.02226 7.74444
1.1 0.008 1.02288 7.64782
1.2 0.008 1.02343 7.54145
1.3 0.008 1.02392 7.4305
1.4 0.008 1.02433 7.32054
1.5 0.008 1.02468 7.21707
1.6 0.008 1.02496 7.12478
1.7 0.008 1.02518 7.04685
1.8 0.008 1.02535 6.9845
1.9 0.008 1.02548 6.93708
2 0.008 1.02557 6.90255
2.1 0.008 1.02564 6.87823
2.2 0.008 1.02568 6.86147
2.3 0.008 1.02571 6.85008
2.4 0.008 1.02574 6.84239
2.5 0.008 1.02575 6.83722
2.6 0.008 1.02576 6.83376
2.7 0.008 1.02576 6.83146
2.8 0.008 1.02577 6.82996
2.9 0.008 1.02577 6.82899
3 0.008 1.02577 6.82838
3.1 0.008 1.02577 6.82799
3.2 0.008 1.02577 6.82776
3.3 0.008 1.02577 6.82762
3.4 0.008 1.02577 6.82753
3.5 0.008 1.02577 6.82748
3.6 0.008 1.02577 6.82746
3.7 0.008 1.02577 6.82744
3.8 0.008 1.02577 6.82743
3.9 0.008 1.02577 6.82742
4 0.008 1.02577 6.82742
4.1 0.008 1.02577 6.82741
4.2 0.008 1.02577 6.82741
4.3 0.008 1.02577 6.82741
4.4 0.008 1.02577 6.8274
4.5 0.008 1.02577 6.8274
4.6 0.008 1.02577 6.8274
4.7 0.008 1.02577 6.8274
4.8 0.008 1.02577 6.82739
4.9 0.008 1.02577 6.82739
5 0.008 1.02577 6.82739
5.1 0.008 1.02577 6.82738
5.2 0.008 1.02577 6.82738
5.3 0.008 1.02577 6.82738
5.4 0.008 1.02577 6.82737
5.5 0.008 1.02577 6.82737
5.6 0.008 1.02577 6.82736
5.7 0.008 1.02577 6.82736
5.8 0.008 1.02577 6.82735
5.9 0.008 1.02577 6.82735
6 0.008 1.02577 6.82734
6.1 0.008 1.02576 6.82734
6.2 0.008 1.02576 6.82733
6.3 0.008 1.02576 6.82732
6.4 0.008 1.02576 6.82731
6.5 0.008 1.02576 6.8273
6.6 0.008 1.02576 6.82728
6.7 0.008 1.02576 6.82727
6.8 0.008 1.02576 6.82724
6.9 0.008 1.02576 6.82721
7 0.008 1.02576 6.82716
7.1 0.008 1.02576 6.82707
7.2 0.008 1.02576 6.82693
7.3 0.008 1.02576 6.8267
7.4 0.008 1.02576 6.82631
7.5 0.008 1.02576 6.82566
7.6 0.008 1.02576 6.82462
7.7 0.008 1.02576 6.82296
7.8 0.008 1.02576 6.82038
7.9 0.008 1.02576 6.81642
8 0.008 1.02576 6.81047
8.1 0.008 1.02576 6.80173
8.2 0.008 1.02576 6.78913
8.3 0.008 1.02576 6.77133
8.4 0.008 1.02577 6.74668
8.5 0.008 1.02577 6.71325
8.6 0.008 1.02577 6.66881
8.7 0.008 1.02577 6.61089
8.8 0.008 1.02577 6.53694
8.9 0.008 1.02577 6.44439
9 0.008 1.02577 6.33088
9.1 0.008 1.02577 6.19441
9.2 0.008 1.02577 6.03361
9.3 0.008 1.02577 5.84789
9.4 0.008 1.02577 5.63763
9.5 0.008 1.02578 5.40428
9.6 0.008 1.02578 5.15511
9.7 0.008 1.02578 5.08739
9.8 0.008 1.02578 14.7926
9.9 0.008 1.02579 15.1997

0 0.01 1.01324 0
0.1 0.01 1.01745 8.15663
0.2 0.01 1.01753 7.89124
0.3 0.01 1.01788 7.89255
0.4 0.01 1.01838 7.9512
0.5 0.01 1.01902 8.00439
0.6 0.01 1.01977 8.03273
0.7 0.01 1.02059 8.03127
0.8 0.01 1.02144 8.00075
0.9 0.01 1.0223 7.94407
1 0.01 1.02312 7.86488
1.1 0.01 1.02389 7.76744
1.2 0.01 1.02458 7.65668
1.3 0.01 1.02519 7.53837
1.4 0.01 1.02571 7.41901
1.5 0.01 1.02615 7.3052
1.6 0.01 1.0265 7.20279
1.7 0.01 1.02678 7.11597
1.8 0.01 1.02699 7.04659
1.9 0.01 1.02715 6.99415
2 0.01 1.02727 6.95641
2.1 0.01 1.02735 6.93029
2.2 0.01 1.02741 6.91267
2.3 0.01 1.02745 6.90095
2.4 0.01 1.02748 6.89321
2.5 0.01 1.02749 6.88809
2.6 0.01 1.0275 6.88472
2.7 0.01 1.02751 6.8825
2.8 0.01 1.02751 6.88105
2.9 0.01 1.02752 6.88012
3 0.01 1.02752 6.87953
3.1 0.01 1.02752 6.87916
3.2 0.01 1.02752 6.87894
3.3 0.01 1.02752 6.8788
3.4 0.01 1.02752 6.87872
3.5 0.01 1.02751 6.87867
3.6 0.01 1.02751 6.87864
3.7 0.01 1.02751 6.87862
3.8 0.01 1.02751 6.87861
3.9 0.01 1.02751 6.8786
4 0.01 1.02751 6.8786
4.1 0.01 1.02751 6.87859
4.2 0.01 1.02751 6.87859
4.3 0.01 1.02751 6.87858
4.4 0.01 1.02751 6.87858
4.5 0.01 1.02751 6.87857
4.6 0.01 1.02751 6.87857
4.7 0.01 1.02751 6.87856
4.8 0.01 1.02751 6.87856
4.9 0.01 1.02751 6.87855
5 0.01 1.02751 6.87855
5.1 0.01 1.02751 6.87854
5.2 0.01 1.02751 6.87854
5.3 0.01 1.02751 6.87853
5.4 0.01 1.02751 6.87853
5.5 0.01 1.02751 6.87852
5.6 0.01 1.02751 6.87852
5.7 0.01 1.02751 6.87851
5.8 0.01 1.02751 6.8785
5.9 0.01 1.02751 6.8785
6 0.01 1.02751 6.87849
6.1 0.01 1.02751 6.87848
6.2 0.01 1.02751 6.87847
6.3 0.01 1.02751 6.87845
6.4 0.01 1.02751 6.87844
6.5 0.01 1.02751 6.87843
6.6 0.01 1.02751 6.87841
6.7 0.01 1.02751 6.87839
6.8 0.01 1.02751 6.87836
6.9 0.01 1.02751 6.87832
7 0.01 1.02751 6.87826
7.1 0.01 1.02751 6.87816
7.2 0.01 1.02751 6.87802
7.3 0.01 1.02751 6.87777
7.4 0.01 1.02751 6.87737
7.5 0.01 1.02751 6.87671
7.6 0.01 1.02751 6.87566
7.7 0.01 1.02751 6.87399
7.8 0.01 1.02751 6.87138
7.9 0.01 1.02751 6.8674
8 0.01 1.02751 6.86143
8.1 0.01 1.02751 6.85265
8.2 0.01 1.02751 6.84001
8.3 0.01 1.02751 6.82217
8.4 0.01 1.02751 6.79747
8.5 0.01 1.02751 6.76398
8.6 0.01 1.02751 6.71946
8.7 0.01 1.02751 6.66147
8.8 0.01 1.02751 6.58743
8.9 0.01 1.02751 6.49479
9 0.01 1.02751 6.38118
9.1 0.01 1.02752 6.24464
9.2 0.01 1.02752 6.0838
9.3 0.01 1.02752 5.89809
9.4 0.01 1.02752 5.68787
9.5 0.01 1.02752 5.45473
9.6 0.01 1.02753 5.21569
9.7 0.01 1.02753 5.31646
9.8 0.01 1.02753 18.314
9.9 0.01 1.02754 18.8738

0 0.012 1.01274 0
0.1 0.012 1.01689 8.32351
0.2 0.012 1.01701 7.95986
0.3 0.012 1.01746 7.94311
0.4 0.012 1.01807 8.00091
0.5 0.012 1.01884 8.06038
0.6 0.012 1.01973 8.09831
0.7 0.012 1.02071 8.10716
0.8 0.012 1.02173 8.08585
0.9 0.012 1.02275 8.03605
1 0.012 1.02374 7.96079
1.1 0.012 1.02466 7.86401
1.2 0.012 1.02549 7.75074
1.3 0.012 1.02622 7.62714
1.4 0.012 1.02685 7.50043
1.5 0.012 1.02737 7.37815
1.6 0.012 1.02779 7.26721
1.7 0.012 1.02813 7.17268
1.8 0.012 1.02838 7.09704
1.9 0.012 1.02858 7.04006
2 0.012 1.02872 6.99937
2.1 0.012 1.02882 6.97155
2.2 0.012 1.02889 6.9531
2.3 0.012 1.02894 6.94107
2.4 0.012 1.02897 6.93327
2.5 0.012 1.02899 6.92821
2.6 0.012 1.02901 6.92492
2.7 0.012 1.02901 6.92277
2.8 0.012 1.02902 6.92138
2.9 0.012 1.02902 6.92049
3 0.012 1.02902 6.91993
3.1 0.012 1.02902 6.91957
3.2 0.012 1.02902 6.91936
3.3 0.012 1.02902 6.91922
3.4 0.012 1.02902 6.91914
3.5 0.012 1.02902 6.9191
3.6 0.012 1.02902 6.91907
3.7 0.012 1.02902 6.91905
3.8 0.012 1.02902 6.91904
3.9 0.012 1.02901 6.91903
4 0.012 1.02901 6.91902
4.1 0.012 1.02901 6.91901
4.2 0.012 1.02901 6.919
4.3 0.012 1.02901 6.919
4.4 0.012 1.02901 6.91899
4.5 0.012 1.02901 6.91898
4.6 0.012 1.02901 6.91898
4.7 0.012 1.02901 6.91897
4.8 0.012 1.02901 6.91896
4.9 0.012 1.02901 6.91896
5 0.012 1.02901 6.91895
5.1 0.012 1.02901 6.91894
5.2 0.012 1.02901 6.91894
5.3 0.012 1.02901 6.91893
5.4 0.012 1.02901 6.91892
5.5 0.012 1.02901 6.91891
5.6 0.012 1.02901 6.91891
5.7 0.012 1.02901 6.9189
5.8 0.012 1.02901 6.91889
5.9 0.012 1.02901 6.91888
6 0.012 1.02901 6.91887
6.1 0.012 1.02901 6.91885
6.2 0.012 1.02901 6.91884
6.3 0.012 1.02901 6.91882
6.4 0.012 1.02901 6.91881
6.5 0.012 1.02901 6.91879
6.6 0.012 1.02901 6.91877
6.7 0.012 1.02901 6.91874
6.8 0.012 1.02901 6.9187
6.9 0.012 1.02901 6.91866
7 0.012 1.02901 6.91859
7.1 0.012 1.02901 6.91849
7.2 0.012 1.02901 6.91833
7.3 0.012 1.02901 6.91808
7.4 0.012 1.02901 6.91766
7.5 0.012 1.02901 6.917
7.6 0.012 1.02901 6.91593
7.7 0.012 1.02901 6.91424
7.8 0.012 1.02901 6.91162
7.9 0.012 1.02901 6.90762
8 0.012 1.02901 6.90162
8.1 0.012 1.02901 6.89282
8.2 0.012 1.02901 6.88015
8.3 0.012 1.02901 6.86227
8.4 0.012 1.02901 6.83754
8.5 0.012 1.02901 6.804
8.6 0.012 1.02901 6.75942
8.7 0.012 1.02901 6.70137
8.8 0.012 1.02901 6.62728
8.9 0.012 1.02901 6.53458
9 0.012 1.02901 6.42095
9.1 0.012 1.02902 6.2844
9.2 0.012 1.02902 6.12359
9.3 0.012 1.02902 5.93794
9.4 0.012 1.02902 5.72783
9.5 0.012 1.02903 5.49538
9.6 0.012 1.02903 5.27712
9.7 0.012 1.02903 5.5934
9.8 0.012 1.02904 21.7009
9.9 0.012 1.02905 22.3771

0 0.014 1.01235 0
0.1 0.014 1.01644 8.50586
0.2 0.014 1.01658 8.01857
0.3 0.014 1.01711 7.98226
0.4 0.014 1.01782 8.03685
0.5 0.014 1.01871 8.09983
0.6 0.014 1.01974 8.14456
0.7 0.014 1.02087 8.16147
0.8 0.014 1.02205 8.14789
0.9 0.014 1.02324 8.10436
1 0.014 1.02438 8.03315
1.1 0.014 1.02545 7.93782
1.2 0.014 1.02643 7.8233
1.3 0.014 1.02728 7.69601
1.4 0.014 1.02801 7.56367
1.5 0.014 1.02862 7.43461
1.6 0.014 1.02912 7.31658
1.7 0.014 1.02951 7.21549
1.8 0.014 1.02981 7.13442
1.9 0.014 1.03004 7.07339
2 0.014 1.03021 7.03003
2.1 0.014 1.03033 7.00065
2.2 0.014 1.03041 6.98142
2.3 0.014 1.03047 6.96909
2.4 0.014 1.0305 6.96124
2.5 0.014 1.03053 6.95623
2.6 0.014 1.03054 6.95301
2.7 0.014 1.03055 6.95094
2.8 0.014 1.03055 6.94961
2.9 0.014 1.03055 6.94875
3 0.014 1.03056 6.94821
3.1 0.014 1.03055 6.94787
3.2 0.014 1.03055 6.94766
3.3 0.014 1.03055 6.94754
3.4 0.014 1.03055 6.94746
3.5 0.014 1.03055 6.94741
3.6 0.014 1.03055 6.94738
3.7 0.014 1.03055 6.94736
3.8 0.014 1.03055 6.94734
3.9 0.014 1.03055 6.94733
4 0.014 1.03055 6.94732
4.1 0.014 1.03055 6.94731
4.2 0.014 1.03054 6.94731
4.3 0.014 1.03054 6.9473
4.4 0.014 1.03054 6.94729
4.5 0.014 1.03054 6.94728
4.6 0.014 1.03054 6.94727
4.7 0.014 1.03054 6.94726
4.8 0.014 1.03054 6.94725
4.9 0.014 1.03054 6.94724
5 0.014 1.03054 6.94723
5.1 0.014 1.03054 6.94722
5.2 0.014 1.03054 6.94722
5.3 0.014 1.03054 6.94721
5.4 0.014 1.03054 6.9472
5.5 0.014 1.03054 6.94719
5.6 0.014 1.03054 6.94717
5.7 0.014 1.03054 6.94716
5.8 0.014 1.03054 6.94715
5.9 0.014 1.03054 6.94714
6 0.014 1.03054 6.94712
6.1 0.014 1.03054 6.94711
6.2 0.014 1.03054 6.94709
6.3 0.014 1.03054 6.94707
6.4 0.014 1.03054 6.94705
6.5 0.014 1.03054 6.94703
6.6 0.014 1.03054 6.947
6.7 0.014 1.03054 6.94697
6.8 0.014 1.03054 6.94693
6.9 0.014 1.03054 6.94687
7 0.014 1.03054 6.9468
7.1 0.014 1.03054 6.94669
7.2 0.014 1.03054 6.94652
7.3 0.014 1.03054 6.94626
7.4 0.014 1.03054 6.94584
7.5 0.014 1.03054 6.94516
7.6 0.014 1.03054 6.94408
7.7 0.014 1.03054 6.94237
7.8 0.014 1.03054 6.93974
7.9 0.014 1.03054 6.93572
8 0.014 1.03054 6.9297
8.1 0.014 1.03054 6.92088
8.2 0.014 1.03054 6.90819
8.3 0.014 1.03054 6.89028
8.4 0.014 1.03054 6.86552
8.5 0.014 1.03054 6.83194
8.6 0.014 1.03054 6.78734
8.7 0.014 1.03054 6.72926
8.8 0.014 1.03054 6.65514
8.9 0.014 1.03054 6.56244
9 0.014 1.03055 6.44882
9.1 0.014 1.03055 6.31232
9.2 0.014 1.03055 6.1516
9.3 0.014 1.03055 5.9661
9.4 0.014 1.03056 5.75617
9.5 0.014 1.03056 5.52546
9.6 0.014 1.03056 5.343
9.7 0.014 1.03057 5.91272
9.8 0.014 1.03057 24.8727
9.9 0.014 1.03058 25.6378

0 0.016 1.01159 0
0.1 0.016 1.0156 8.67264
0.2 0.016 1.01575 8.06759
0.3 0.016 1.01641 8.01146
0.4 0.016 1.01721 8.06115
0.5 0.016 1.01822 8.12555
0.6 0.016 1.01939 8.17491
0.7 0.016 1.02067 8.1979
0.8 0.016 1.02201 8.19055
0.9 0.016 1.02336 8.15239
1 0.016 1.02467 8.08498
1.1 0.016 1.02589 7.99141
1.2 0.016 1.027 7.87646
1.3 0.016 1.02798 7.74665
1.4 0.016 1.02881 7.61006
1.5 0.016 1.02951 7.47562
1.6 0.016 1.03008 7.35179
1.7 0.016 1.03053 7.24519
1.8 0.016 1.03088 7.15942
1.9 0.016 1.03114 7.09484
2 0.016 1.03133 7.04908
2.1 0.016 1.03147 7.01828
2.2 0.016 1.03156 6.99833
2.3 0.016 1.03163 6.98571
2.4 0.016 1.03167 6.9778
2.5 0.016 1.0317 6.97283
2.6 0.016 1.03171 6.96968
2.7 0.016 1.03172 6.96768
2.8 0.016 1.03173 6.9664
2.9 0.016 1.03173 6.96559
3 0.016 1.03173 6.96507
3.1 0.016 1.03173 6.96475
3.2 0.016 1.03172 6.96454
3.3 0.016 1.03172 6.96442
3.4 0.016 1.03172 6.96434
3.5 0.016 1.03172 6.9643
3.6 0.016 1.03172 6.96426
3.7 0.016 1.03172 6.96424
3.8 0.016 1.03172 6.96423
3.9 0.016 1.03171 6.96421
4 0.016 1.03171 6.9642
4.1 0.016 1.03171 6.96419
4.2 0.016 1.03171 6.96418
4.3 0.016 1.03171 6.96417
4.4 0.016 1.03171 6.96416
4.5 0.016 1.03171 6.96414
4.6 0.016 1.03171 6.96413
4.7 0.016 1.03171 6.96412
4.8 0.016 1.03171 6.96411
4.9 0.016 1.03171 6.9641
5 0.016 1.03171 6.96409
5.1 0.016 1.03171 6.96407
5.2 0.016 1.03171 6.96406
5.3 0.016 1.0317 6.96405
5.4 0.016 1.0317 6.96404
5.5 0.016 1.0317 6.96402
5.6 0.016 1.0317 6.96401
5.7 0.016 1.0317 6.964
5.8 0.016 1.0317 6.96398
5.9 0.016 1.0317 6.96397
6 0.016 1.0317 6.96395
6.1 0.016 1.0317 6.96393
6.2 0.016 1.0317 6.96391
6.3 0.016 1.0317 6.96389
6.4 0.016 1.0317 6.96386
6.5 0.016 1.0317 6.96383
6.6 0.016 1.0317 6.9638
6.7 0.016 1.0317 6.96376
6.8 0.016 1.0317 6.96371
6.9 0.016 1.0317 6.96366
7 0.016 1.0317 6.96357
7.1 0.016 1.0317 6.96346
7.2 0.016 1.0317 6.96328
7.3 0.016 1.0317 6.96301
7.4 0.016 1.0317 6.96258
7.5 0.016 1.0317 6.96188
7.6 0.016 1.0317 6.96079
7.7 0.016 1.0317 6.95907
7.8 0.016 1.0317 6.95642
7.9 0.016 1.0317 6.95239
8 0.016 1.0317 6.94636
8.1 0.016 1.0317 6.93752
8.2 0.016 1.0317 6.92481
8.3 0.016 1.0317 6.90688
8.4 0.016 1.0317 6.8821
8.5 0.016 1.0317 6.8485
8.6 0.016 1.0317 6.80389
8.7 0.016 1.03171 6.7458
8.8 0.016 1.03171 6.67169
8.9 0.016 1.03171 6.57902
9 0.016 1.03171 6.46545
9.1 0.016 1.03171 6.32906
9.2 0.016 1.03172 6.16849
9.3 0.016 1.03172 5.9832
9.4 0.016 1.03172 5.77353
9.5 0.016 1.03173 5.54649
9.6 0.016 1.03173 5.41852
9.7 0.016 1.03174 6.26936
9.8 0.016 1.03175 27.7947
9.9 0.016 1.03175 28.6273

0 0.018 1.01097 0
0.1 0.018 1.01492 8.87147
0.2 0.018 1.01512 8.1081
0.3 0.018 1.01589 8.03054
0.4 0.018 1.01678 8.07415
0.5 0.018 1.0179 8.13835
0.6 0.018 1.0192 8.1906
0.7 0.018 1.02064 8.21801
0.8 0.018 1.02214 8.21551
0.9 0.018 1.02365 8.18177
1 0.018 1.02511 8.11768
1.1 0.018 1.02648 8.02591
1.2 0.018 1.02773 7.91101
1.3 0.018 1.02883 7.7795
1.4 0.018 1.02977 7.63973
1.5 0.018 1.03056 7.50105
1.6 0.018 1.0312 7.3725
1.7 0.018 1.03171 7.26127
1.8 0.018 1.0321 7.17149
1.9 0.018 1.03239 7.10378
2 0.018 1.03261 7.05586
2.1 0.018 1.03276 7.02375
2.2 0.018 1.03287 7.00312
2.3 0.018 1.03294 6.99022
2.4 0.018 1.03299 6.98224
2.5 0.018 1.03302 6.97731
2.6 0.018 1.03304 6.97423
2.7 0.018 1.03305 6.9723
2.8 0.018 1.03305 6.97107
2.9 0.018 1.03305 6.97029
3 0.018 1.03305 6.96979
3.1 0.018 1.03305 6.96948
3.2 0.018 1.03305 6.96929
3.3 0.018 1.03305 6.96917
3.4 0.018 1.03304 6.96909
3.5 0.018 1.03304 6.96904
3.6 0.018 1.03304 6.96901
3.7 0.018 1.03304 6.96899
3.8 0.018 1.03304 6.96897
3.9 0.018 1.03303 6.96895
4 0.018 1.03303 6.96894
4.1 0.018 1.03303 6.96893
4.2 0.018 1.03303 6.96891
4.3 0.018 1.03303 6.9689
4.4 0.018 1.03303 6.96888
4.5 0.018 1.03303 6.96887
4.6 0.018 1.03303 6.96886
4.7 0.018 1.03303 6.96884
4.8 0.018 1.03302 6.96883
4.9 0.018 1.03302 6.96881
5 0.018 1.03302 6.9688
5.1 0.018 1.03302 6.96878
5.2 0.018 1.03302 6.96877
5.3 0.018 1.03302 6.96875
5.4 0.018 1.03302 6.96874
5.5 0.018 1.03302 6.96872
5.6 0.018 1.03302 6.9687
5.7 0.018 1.03302 6.96869
5.8 0.018 1.03302 6.96867
5.9 0.018 1.03302 6.96865
6 0.018 1.03302 6.96863
6.1 0.018 1.03302 6.96861
6.2 0.018 1.03302 6.96858
6.3 0.018 1.03302 6.96856
6.4 0.018 1.03302 6.96853
6.5 0.018 1.03302 6.96849
6.6 0.018 1.03302 6.96845
6.7 0.018 1.03302 6.96841
6.8 0.018 1.03302 6.96836
6.9 0.018 1.03302 6.96829
7 0.018 1.03302 6.9682
7.1 0.018 1.03302 6.96808
7.2 0.018 1.03302 6.9679
7.3 0.018 1.03301 6.96761
7.4 0.018 1.03301 6.96717
7.5 0.018 1.03301 6.96647
7.6 0.018 1.03302 6.96536
7.7 0.018 1.03302 6.96363
7.8 0.018 1.03302 6.96097
7.9 0.018 1.03302 6.95692
8 0.018 1.03302 6.95088
8.1 0.018 1.03302 6.94202
8.2 0.018 1.03302 6.9293
8.3 0.018 1.03302 6.91136
8.4 0.018 1.03302 6.88657
8.5 0.018 1.03302 6.85297
8.6 0.018 1.03302 6.80836
8.7 0.018 1.03302 6.75029
8.8 0.018 1.03302 6.67621
8.9 0.018 1.03303 6.58361
9 0.018 1.03303 6.47015
9.1 0.018 1.03303 6.3339
9.2 0.018 1.03303 6.17355
9.3 0.018 1.03304 5.98851
9.4 0.018 1.03304 5.77927
9.5 0.018 1.03305 5.55899
9.6 0.018 1.03305 5.50664
9.7 0.018 1.03306 6.65633
9.8 0.018 1.03307 30.4566
9.9 0.018 1.03308 31.3392

0 0.02 1.01007 0
0.1 0.02 1.01388 9.04498
0.2 0.02 1.01403 8.141
0.3 0.02 1.01492 8.03895
0.4 0.02 1.0159 8.07564
0.5 0.02 1.01713 8.13836
0.6 0.02 1.01857 8.19208
0.7 0.02 1.02015 8.22251
0.8 0.02 1.02181 8.22364
0.9 0.02 1.02347 8.19339
1 0.02 1.02509 8.13207
1.1 0.02 1.02661 8.04194
1.2 0.02 1.02799 7.92732
1.3 0.02 1.02921 7.7947
1.4 0.02 1.03026 7.65254
1.5 0.02 1.03114 7.51052
1.6 0.02 1.03185 7.37812
1.7 0.02 1.03242 7.26301
1.8 0.02 1.03285 7.16976
1.9 0.02 1.03318 7.0993
2 0.02 1.03342 7.04943
2.1 0.02 1.0336 7.0161
2.2 0.02 1.03372 6.99482
2.3 0.02 1.03379 6.98164
2.4 0.02 1.03385 6.97359
2.5 0.02 1.03388 6.96868
2.6 0.02 1.0339 6.96566
2.7 0.02 1.03391 6.96378
2.8 0.02 1.03391 6.9626
2.9 0.02 1.03391 6.96185
3 0.02 1.03391 6.96138
3.1 0.02 1.03391 6.96108
3.2 0.02 1.0339 6.96089
3.3 0.02 1.0339 6.96078
3.4 0.02 1.0339 6.9607
3.5 0.02 1.0339 6.96065
3.6 0.02 1.03389 6.96062
3.7 0.02 1.03389 6.9606
3.8 0.02 1.03389 6.96057
3.9 0.02 1.03389 6.96056
4 0.02 1.03388 6.96054
4.1 0.02 1.03388 6.96052
4.2 0.02 1.03388 6.96051
4.3 0.02 1.03388 6.96049
4.4 0.02 1.03388 6.96047
4.5 0.02 1.03388 6.96045
4.6 0.02 1.03388 6.96044
4.7 0.02 1.03388 6.96042
4.8 0.02 1.03387 6.9604
4.9 0.02 1.03387 6.96038
5 0.02 1.03387 6.96037
5.1 0.02 1.03387 6.96035
5.2 0.02 1.03387 6.96033
5.3 0.02 1.03387 6.96031
5.4 0.02 1.03387 6.96029
5.5 0.02 1.03387 6.96027
5.6 0.02 1.03387 6.96025
5.7 0.02 1.03387 6.96023
5.8 0.02 1.03387 6.96021
5.9 0.02 1.03387 6.96019
6 0.02 1.03387 6.96016
6.1 0.02 1.03387 6.96014
6.2 0.02 1.03386 6.96011
6.3 0.02 1.03386 6.96008
6.4 0.02 1.03386 6.96004
6.5 0.02 1.03386 6.96001
6.6 0.02 1.03386 6.95996
6.7 0.02 1.03386 6.95991
6.8 0.02 1.03386 6.95986
6.9 0.02 1.03386 6.95978
7 0.02 1.03386 6.95969
7.1 0.02 1.03386 6.95956
7.2 0.02 1.03386 6.95936
7.3 0.02 1.03386 6.95907
7.4 0.02 1.03386 6.95862
7.5 0.02 1.03386 6.9579
7.6 0.02 1.03386 6.95679
7.7 0.02 1.03386 6.95505
7.8 0.02 1.03386 6.95237
7.9 0.02 1.03386 6.94831
8 0.02 1.03386 6.94226
8.1 0.02 1.03386 6.93339
8.2 0.02 1.03386 6.92066
8.3 0.02 1.03387 6.90272
8.4 0.02 1.03387 6.87793
8.5 0.02 1.03387 6.84434
8.6 0.02 1.03387 6.79975
8.7 0.02 1.03387 6.74172
8.8 0.02 1.03387 6.66771
8.9 0.02 1.03388 6.57521
9 0.02 1.03388 6.4619
9.1 0.02 1.03388 6.32586
9.2 0.02 1.03388 6.16578
9.3 0.02 1.03389 5.98103
9.4 0.02 1.03389 5.77253
9.5 0.02 1.0339 5.56345
9.6 0.02 1.03391 5.60883
9.7 0.02 1.03391 7.06616
9.8 0.02 1.03392 32.8633
9.9 0.02 1.03393 33.7793

0 0.022 1.00906 0
0.1 0.022 1.01274 9.24758
0.2 0.022 1.01297 8.16864
0.3 0.022 1.01404 8.03857
0.4 0.022 1.0151 8.0679
0.5 0.022 1.01644 8.1282
0.6 0.022 1.01801 8.18219
0.7 0.022 1.01974 8.21448
0.8 0.022 1.02155 8.21817
0.9 0.022 1.02337 8.19056
1 0.022 1.02515 8.13145
1.1 0.022 1.02681 8.04273
1.2 0.022 1.02833 7.92849
1.3 0.022 1.02967 7.79513
1.4 0.022 1.03082 7.65118
1.5 0.022 1.03179 7.50653
1.6 0.022 1.03257 7.37099
1.7 0.022 1.0332 7.25262
1.8 0.022 1.03368 7.15638
1.9 0.022 1.03404 7.08347
2 0.022 1.03431 7.03183
2.1 0.022 1.0345 6.99736
2.2 0.022 1.03463 6.97545
2.3 0.022 1.03472 6.96198
2.4 0.022 1.03477 6.95385
2.5 0.022 1.03481 6.94895
2.6 0.022 1.03483 6.94598
2.7 0.022 1.03484 6.94415
2.8 0.022 1.03484 6.943
2.9 0.022 1.03484 6.94229
3 0.022 1.03484 6.94183
3.1 0.022 1.03483 6.94155
3.2 0.022 1.03483 6.94137
3.3 0.022 1.03483 6.94126
3.4 0.022 1.03482 6.94118
3.5 0.022 1.03482 6.94113
3.6 0.022 1.03482 6.9411
3.7 0.022 1.03481 6.94107
3.8 0.022 1.03481 6.94105
3.9 0.022 1.03481 6.94103
4 0.022 1.03481 6.94101
4.1 0.022 1.0348 6.94099
4.2 0.022 1.0348 6.94097
4.3 0.022 1.0348 6.94095
4.4 0.022 1.0348 6.94093
4.5 0.022 1.0348 6.94091
4.6 0.022 1.03479 6.94088
4.7 0.022 1.03479 6.94086
4.8 0.022 1.03479 6.94084
4.9 0.022 1.03479 6.94082
5 0.022 1.03479 6.9408
5.1 0.022 1.03479 6.94078
5.2 0.022 1.03479 6.94076
5.3 0.022 1.03479 6.94074
5.4 0.022 1.03479 6.94071
5.5 0.022 1.03479 6.94069
5.6 0.022 1.03478 6.94067
5.7 0.022 1.03478 6.94064
5.8 0.022 1.03478 6.94062
5.9 0.022 1.03478 6.94059
6 0.022 1.03478 6.94056
6.1 0.022 1.03478 6.94053
6.2 0.022 1.03478 6.9405
6.3 0.022 1.03478 6.94047
6.4 0.022 1.03478 6.94043
6.5 0.022 1.03478 6.94038
6.6 0.022 1.03478 6.94034
6.7 0.022 1.03478 6.94028
6.8 0.022 1.03478 6.94022
6.9 0.022 1.03478 6.94014
7 0.022 1.03478 6.94003
7.1 0.022 1.03478 6.93989
7.2 0.022 1.03478 6.93969
7.3 0.022 1.03478 6.93939
7.4 0.022 1.03478 6.93893
7.5 0.022 1.03478 6.9382
7.6 0.022 1.03478 6.93708
7.7 0.022 1.03478 6.93532
7.8 0.022 1.03478 6.93264
7.9 0.022 1.03478 6.92857
8 0.022 1.03478 6.9225
8.1 0.022 1.03478 6.91363
8.2 0.022 1.03478 6.9009
8.3 0.022 1.03478 6.88296
8.4 0.022 1.03478 6.85818
8.5 0.022 1.03478 6.82461
8.6 0.022 1.03479 6.78006
8.7 0.022 1.03479 6.72209
8.8 0.022 1.03479 6.64818
8.9 0.022 1.03479 6.55581
9 0.022 1.0348 6.44268
9.1 0.022 1.0348 6.30689
9.2 0.022 1.0348 6.14712
9.3 0.022 1.03481 5.96271
9.4 0.022 1.03481 5.75547
9.5 0.022 1.03482 5.5634
9.6 0.022 1.03483 5.72809
9.7 0.022 1.03483 7.49444
9.8 0.022 1.03484 35.0332
9.9 0.022 1.03486 35.9652

0 0.024 1.00804 0
0.1 0.024 1.01154 9.43769
0.2 0.024 1.0117 8.18789
0.3 0.024 1.01291 8.02661
0.4 0.024 1.01404 8.04852
0.5 0.024 1.01548 8.10569
0.6 0.024 1.01717 8.15896
0.7 0.024 1.01904 8.19207
0.8 0.024 1.021 8.19737
0.9 0.024 1.02298 8.1716
1 0.024 1.02491 8.11412
1.1 0.024 1.02672 8.02651
1.2 0.024 1.02837 7.91261
1.3 0.024 1.02983 7.77873
1.4 0.024 1.03108 7.63341
1.5 0.024 1.03214 7.48665
1.6 0.024 1.03299 7.34849
1.7 0.024 1.03368 7.22735
1.8 0.024 1.0342 7.12848
1.9 0.024 1.0346 7.05336
2 0.024 1.03489 7.00007
2.1 0.024 1.0351 6.96451
2.2 0.024 1.03524 6.94197
2.3 0.024 1.03534 6.92819
2.4 0.024 1.0354 6.91995
2.5 0.024 1.03543 6.91504
2.6 0.024 1.03545 6.91209
2.7 0.024 1.03546 6.9103
2.8 0.024 1.03547 6.9092
2.9 0.024 1.03547 6.9085
3 0.024 1.03546 6.90807
3.1 0.024 1.03546 6.90779
3.2 0.024 1.03545 6.90762
3.3 0.024 1.03545 6.90751
3.4 0.024 1.03544 6.90744
3.5 0.024 1.03544 6.90739
3.6 0.024 1.03544 6.90735
3.7 0.024 1.03543 6.90732
3.8 0.024 1.03543 6.90729
3.9 0.024 1.03543 6.90727
4 0.024 1.03542 6.90725
4.1 0.024 1.03542 6.90722
4.2 0.024 1.03542 6.9072
4.3 0.024 1.03542 6.90718
4.4 0.024 1.03541 6.90715
4.5 0.024 1.03541 6.90713
4.6 0.024 1.03541 6.9071
4.7 0.024 1.03541 6.90708
4.8 0.024 1.03541 6.90706
4.9 0.024 1.03541 6.90703
5 0.024 1.0354 6.90701
5.1 0.024 1.0354 6.90698
5.2 0.024 1.0354 6.90696
5.3 0.024 1.0354 6.90693
5.4 0.024 1.0354 6.90691
5.5 0.024 1.0354 6.90688
5.6 0.024 1.0354 6.90685
5.7 0.024 1.0354 6.90682
5.8 0.024 1.0354 6.9068
5.9 0.024 1.0354 6.90676
6 0.024 1.03539 6.90673
6.1 0.024 1.03539 6.9067
6.2 0.024 1.03539 6.90666
6.3 0.024 1.03539 6.90662
6.4 0.024 1.03539 6.90658
6.5 0.024 1.03539 6.90653
6.6 0.024 1.03539 6.90648
6.7 0.024 1.03539 6.90642
6.8 0.024 1.03539 6.90634
6.9 0.024 1.03539 6.90626
7 0.024 1.03539 6.90615
7.1 0.024 1.03539 6.906
7.2 0.024 1.03539 6.90579
7.3 0.024 1.03539 6.90548
7.4 0.024 1.03539 6.905
7.5 0.024 1.03539 6.90427
7.6 0.024 1.03539 6.90313
7.7 0.024 1.03539 6.90137
7.8 0.024 1.03539 6.89867
7.9 0.024 1.03539 6.8946
8 0.024 1.03539 6.88853
8.1 0.024 1.03539 6.87966
8.2 0.024 1.03539 6.86692
8.3 0.024 1.03539 6.84899
8.4 0.024 1.0354 6.82423
8.5 0.024 1.0354 6.79071
8.6 0.024 1.0354 6.74621
8.7 0.024 1.0354 6.68833
8.8 0.024 1.0354 6.61453
8.9 0.024 1.03541 6.52233
9 0.024 1.03541 6.40944
9.1 0.024 1.03541 6.27395
9.2 0.024 1.03542 6.11454
9.3 0.024 1.03542 5.93054
9.4 0.024 1.03543 5.72541
9.5 0.024 1.03543 5.55745
9.6 0.024 1.03544 5.86131
9.7 0.024 1.03545 7.93215
9.8 0.024 1.03546 36.9803
9.9 0.024 1.03548 37.9094

0 0.026 1.00658 0
0.1 0.026 1.00987 9.61873
0.2 0.026 1.01016 8.20072
0.3 0.026 1.0116 8.00809
0.4 0.026 1.01279 8.0231
0.5 0.026 1.01435 8.07679
0.6 0.026 1.01617 8.12857
0.7 0.026 1.01817 8.16164
0.8 0.026 1.02029 8.16776
0.9 0.026 1.02242 8.14314
1 0.026 1.02449 8.08678
1.1 0.026 1.02645 7.99996
1.2 0.026 1.02823 7.88633
1.3 0.026 1.02981 7.75205
1.4 0.026 1.03117 7.60566
1.5 0.026 1.03231 7.4572
1.6 0.026 1.03324 7.3169
1.7 0.026 1.03398 7.19338
1.8 0.026 1.03455 7.0922
1.9 0.026 1.03499 7.0151
2 0.026 1.0353 6.96027
2.1 0.026 1.03553 6.92367
2.2 0.026 1.03568 6.9005
2.3 0.026 1.03578 6.88641
2.4 0.026 1.03585 6.87803
2.5 0.026 1.03589 6.8731
2.6 0.026 1.03591 6.87017
2.7 0.026 1.03592 6.86841
2.8 0.026 1.03592 6.86733
2.9 0.026 1.03592 6.86666
3 0.026 1.03591 6.86624
3.1 0.026 1.03591 6.86598
3.2 0.026 1.0359 6.86581
3.3 0.026 1.0359 6.8657
3.4 0.026 1.03589 6.86563
3.5 0.026 1.03589 6.86557
3.6 0.026 1.03588 6.86553
3.7 0.026 1.03588 6.8655
3.8 0.026 1.03587 6.86547
3.9 0.026 1.03587 6.86545
4 0.026 1.03587 6.86542
4.1 0.026 1.03586 6.86539
4.2 0.026 1.03586 6.86537
4.3 0.026 1.03586 6.86534
4.4 0.026 1.03585 6.86531
4.5 0.026 1.03585 6.86528
4.6 0.026 1.03585 6.86526
4.7 0.026 1.03585 6.86523
4.8 0.026 1.03585 6.8652
4.9 0.026 1.03584 6.86517
5 0.026 1.03584 6.86514
5.1 0.026 1.03584 6.86511
5.2 0.026 1.03584 6.86509
5.3 0.026 1.03584 6.86506
5.4 0.026 1.03584 6.86503
5.5 0.026 1.03584 6.865
5.6 0.026 1.03584 6.86497
5.7 0.026 1.03583 6.86493
5.8 0.026 1.03583 6.8649
5.9 0.026 1.03583 6.86487
6 0.026 1.03583 6.86483
6.1 0.026 1.03583 6.86479
6.2 0.026 1.03583 6.86475
6.3 0.026 1.03583 6.86471
6.4 0.026 1.03583 6.86466
6.5 0.026 1.03583 6.8646
6.6 0.026 1.03583 6.86454
6.7 0.026 1.03583 6.86448
6.8 0.026 1.03583 6.8644
6.9 0.026 1.03583 6.86431
7 0.026 1.03583 6.86419
7.1 0.026 1.03583 6.86403
7.2 0.026 1.03583 6.86381
7.3 0.026 1.03582 6.86349
7.4 0.026 1.03582 6.86301
7.5 0.026 1.03582 6.86227
7.6 0.026 1.03583 6.86112
7.7 0.026 1.03583 6.85935
7.8 0.026 1.03583 6.85664
7.9 0.026 1.03583 6.85256
8 0.026 1.03583 6.84648
8.1 0.026 1.03583 6.83761
8.2 0.026 1.03583 6.82488
8.3 0.026 1.03583 6.80697
8.4 0.026 1.03583 6.78224
8.5 0.026 1.03583 6.74875
8.6 0.026 1.03584 6.70433
8.7 0.026 1.03584 6.64654
8.8 0.026 1.03584 6.57289
8.9 0.026 1.03584 6.48088
9 0.026 1.03585 6.36824
9.1 0.026 1.03585 6.23309
9.2 0.026 1.03586 6.07406
9.3 0.026 1.03586 5.89053
9.4 0.026 1.03587 5.68873
9.5 0.026 1.03587 5.55296
9.6 0.026 1.03588 6.01312
9.7 0.026 1.03589 8.37964
9.8 0.026 1.03591 38.7359
9.9 0.026 1.03592 39.6403

0 0.028 1.00556 0
0.1 0.028 1.00869 9.85013
0.2 0.028 1.00892 8.20552
0.3 0.028 1.01054 7.97874
0.4 0.028 1.01175 7.98748
0.5 0.028 1.0134 8.03756
0.6 0.028 1.01534 8.08724
0.7 0.028 1.01748 8.11948
0.8 0.028 1.01974 8.12565
0.9 0.028 1.02202 8.10152
1 0.028 1.02424 8.04576
1.1 0.028 1.02634 7.95938
1.2 0.028 1.02825 7.84585
1.3 0.028 1.02995 7.71121
1.4 0.028 1.03141 7.56391
1.5 0.028 1.03264 7.41403
1.6 0.028 1.03364 7.27187
1.7 0.028 1.03444 7.14626
1.8 0.028 1.03506 7.043
1.9 0.028 1.03552 6.96403
2 0.028 1.03586 6.90773
2.1 0.028 1.0361 6.87009
2.2 0.028 1.03627 6.84627
2.3 0.028 1.03638 6.83182
2.4 0.028 1.03645 6.82329
2.5 0.028 1.03649 6.8183
2.6 0.028 1.03651 6.81537
2.7 0.028 1.03652 6.81362
2.8 0.028 1.03652 6.81256
2.9 0.028 1.03652 6.81191
3 0.028 1.03651 6.8115
3.1 0.028 1.03651 6.81125
3.2 0.028 1.0365 6.81108
3.3 0.028 1.03649 6.81097
3.4 0.028 1.03649 6.8109
3.5 0.028 1.03648 6.81085
3.6 0.028 1.03647 6.81081
3.7 0.028 1.03647 6.81077
3.8 0.028 1.03646 6.81074
3.9 0.028 1.03646 6.81071
4 0.028 1.03646 6.81068
4.1 0.028 1.03645 6.81065
4.2 0.028 1.03645 6.81062
4.3 0.028 1.03645 6.81059
4.4 0.028 1.03644 6.81056
4.5 0.028 1.03644 6.81052
4.6 0.028 1.03644 6.81049
4.7 0.028 1.03644 6.81046
4.8 0.028 1.03643 6.81043
4.9 0.028 1.03643 6.8104
5 0.028 1.03643 6.81036
5.1 0.028 1.03643 6.81033
5.2 0.028 1.03643 6.8103
5.3 0.028 1.03642 6.81026
5.4 0.028 1.03642 6.81023
5.5 0.028 1.03642 6.8102
5.6 0.028 1.03642 6.81016
5.7 0.028 1.03642 6.81013
5.8 0.028 1.03642 6.81009
5.9 0.028 1.03642 6.81005
6 0.028 1.03642 6.81001
6.1 0.028 1.03641 6.80997
6.2 0.028 1.03641 6.80992
6.3 0.028 1.03641 6.80987
6.4 0.028 1.03641 6.80982
6.5 0.028 1.03641 6.80976
6.6 0.028 1.03641 6.80969
6.7 0.028 1.03641 6.80962
6.8 0.028 1.03641 6.80954
6.9 0.028 1.03641 6.80944
7 0.028 1.03641 6.80931
7.1 0.028 1.03641 6.80915
7.2 0.028 1.03641 6.80892
7.3 0.028 1.03641 6.80859
7.4 0.028 1.03641 6.8081
7.5 0.028 1.03641 6.80735
7.6 0.028 1.03641 6.80619
7.7 0.028 1.03641 6.80441
7.8 0.028 1.03641 6.8017
7.9 0.028 1.03641 6.7976
8 0.028 1.03641 6.79153
8.1 0.028 1.03641 6.78266
8.2 0.028 1.03641 6.76994
8.3 0.028 1.03641 6.75205
8.4 0.028 1.03642 6.72735
8.5 0.028 1.03642 6.69393
8.6 0.028 1.03642 6.64958
8.7 0.028 1.03642 6.59192
8.8 0.028 1.03642 6.51843
8.9 0.028 1.03643 6.42665
9 0.028 1.03643 6.31432
9.1 0.028 1.03644 6.17953
9.2 0.028 1.03644 6.02092
9.3 0.028 1.03645 5.83802
9.4 0.028 1.03645 5.64126
9.5 0.028 1.03646 5.5465
9.6 0.028 1.03647 6.17683
9.7 0.028 1.03648 8.8271
9.8 0.028 1.0365 40.3115
9.9 0.028 1.03651 41.168

0 0.03 1.00376 0
0.1 0.03 1.00665 10.0019
0.2 0.03 1.00693 8.20798
0.3 0.03 1.00882 7.94411
0.4 0.03 1.01006 7.9471
0.5 0.03 1.01181 7.99377
0.6 0.03 1.01387 8.04097
0.7 0.03 1.01614 8.07175
0.8 0.03 1.01854 8.07734
0.9 0.03 1.02097 8.05313
1 0.03 1.02334 7.9975
1.1 0.03 1.02558 7.91124
1.2 0.03 1.02762 7.79765
1.3 0.03 1.02944 7.66263
1.4 0.03 1.031 7.51455
1.5 0.03 1.03232 7.36345
1.6 0.03 1.03339 7.21969
1.7 0.03 1.03425 7.09223
1.8 0.03 1.03491 6.98708
1.9 0.03 1.03541 6.90638
2 0.03 1.03577 6.84867
2.1 0.03 1.03603 6.81001
2.2 0.03 1.03621 6.78553
2.3 0.03 1.03632 6.7707
2.4 0.03 1.0364 6.76197
2.5 0.03 1.03644 6.75691
2.6 0.03 1.03646 6.75396
2.7 0.03 1.03647 6.75222
2.8 0.03 1.03647 6.75117
2.9 0.03 1.03647 6.75053
3 0.03 1.03646 6.75013
3.1 0.03 1.03645 6.74988
3.2 0.03 1.03644 6.74972
3.3 0.03 1.03643 6.74961
3.4 0.03 1.03643 6.74954
3.5 0.03 1.03642 6.74948
3.6 0.03 1.03641 6.74944
3.7 0.03 1.03641 6.7494
3.8 0.03 1.0364 6.74937
3.9 0.03 1.0364 6.74933
4 0.03 1.03639 6.7493
4.1 0.03 1.03639 6.74927
4.2 0.03 1.03638 6.74923
4.3 0.03 1.03638 6.7492
4.4 0.03 1.03638 6.74916
4.5 0.03 1.03637 6.74913
4.6 0.03 1.03637 6.74909
4.7 0.03 1.03637 6.74905
4.8 0.03 1.03636 6.74902
4.9 0.03 1.03636 6.74898
5 0.03 1.03636 6.74894
5.1 0.03 1.03636 6.74891
5.2 0.03 1.03636 6.74887
5.3 0.03 1.03635 6.74883
5.4 0.03 1.03635 6.7488
5.5 0.03 1.03635 6.74876
5.6 0.03 1.03635 6.74872
5.7 0.03 1.03635 6.74868
5.8 0.03 1.03635 6.74864
5.9 0.03 1.03635 6.74859
6 0.03 1.03634 6.74855
6.1 0.03 1.03634 6.7485
6.2 0.03 1.03634 6.74845
6.3 0.03 1.03634 6.7484
6.4 0.03 1.03634 6.74834
6.5 0.03 1.03634 6.74827
6.6 0.03 1.03634 6.7482
6.7 0.03 1.03634 6.74812
6.8 0.03 1.03634 6.74803
6.9 0.03 1.03634 6.74793
7 0.03 1.03634 6.74779
7.1 0.03 1.03634 6.74762
7.2 0.03 1.03634 6.74739
7.3 0.03 1.03634 6.74705
7.4 0.03 1.03634 6.74655
7.5 0.03 1.03634 6.74579
7.6 0.03 1.03634 6.74462
7.7 0.03 1.03634 6.74283
7.8 0.03 1.03634 6.74011
7.9 0.03 1.03634 6.73601
8 0.03 1.03634 6.72994
8.1 0.03 1.03634 6.72107
8.2 0.03 1.03634 6.70837
8.3 0.03 1.03634 6.6905
8.4 0.03 1.03634 6.66584
8.5 0.03 1.03635 6.63248
8.6 0.03 1.03635 6.58823
8.7 0.03 1.03635 6.5307
8.8 0.03 1.03635 6.4574
8.9 0.03 1.03636 6.36587
9 0.03 1.03636 6.25385
9.1 0.03 1.03637 6.11946
9.2 0.03 1.03637 5.96129
9.3 0.03 1.03638 5.7792
9.4 0.03 1.03639 5.58966
9.5 0.03 1.03639 5.54496
9.6 0.03 1.0364 6.35579
9.7 0.03 1.03642 9.27606
9.8 0.03 1.03643 41.7373
9.9 0.03 1.03645 42.5204

0 0.032 1.00262 0
0.1 0.032 1.00534 10.2887
0.2 0.032 1.00563 8.21264
0.3 0.032 1.00777 7.90283
0.4 0.032 1.00899 7.89988
0.5 0.032 1.01082 7.94346
0.6 0.032 1.01299 7.98798
0.7 0.032 1.0154 8.01677
0.8 0.032 1.01794 8.02117
0.9 0.032 1.02052 7.99634
1 0.032 1.02303 7.94039
1.1 0.032 1.0254 7.8539
1.2 0.032 1.02758 7.74003
1.3 0.032 1.02951 7.60454
1.4 0.032 1.03117 7.45571
1.5 0.032 1.03257 7.30351
1.6 0.032 1.03372 7.1583
1.7 0.032 1.03463 7.02915
1.8 0.032 1.03533 6.92222
1.9 0.032 1.03587 6.83986
2 0.032 1.03625 6.78076
2.1 0.032 1.03653 6.74106
2.2 0.032 1.03672 6.71588
2.3 0.032 1.03684 6.70062
2.4 0.032 1.03692 6.69167
2.5 0.032 1.03696 6.6865
2.6 0.032 1.03699 6.68351
2.7 0.032 1.037 6.68176
2.8 0.032 1.03699 6.68072
2.9 0.032 1.03699 6.68008
3 0.032 1.03698 6.67969
3.1 0.032 1.03697 6.67944
3.2 0.032 1.03696 6.67928
3.3 0.032 1.03695 6.67918
3.4 0.032 1.03694 6.6791
3.5 0.032 1.03693 6.67904
3.6 0.032 1.03693 6.679
3.7 0.032 1.03692 6.67896
3.8 0.032 1.03691 6.67892
3.9 0.032 1.03691 6.67888
4 0.032 1.0369 6.67884
4.1 0.032 1.0369 6.6788
4.2 0.032 1.03689 6.67877
4.3 0.032 1.03689 6.67873
4.4 0.032 1.03688 6.67869
4.5 0.032 1.03688 6.67865
4.6 0.032 1.03688 6.67861
4.7 0.032 1.03687 6.67857
4.8 0.032 1.03687 6.67853
4.9 0.032 1.03687 6.67849
5 0.032 1.03687 6.67845
5.1 0.032 1.03686 6.6784
5.2 0.032 1.03686 6.67836
5.3 0.032 1.03686 6.67832
5.4 0.032 1.03686 6.67828
5.5 0.032 1.03685 6.67824
5.6 0.032 1.03685 6.67819
5.7 0.032 1.03685 6.67815
5.8 0.032 1.03685 6.6781
5.9 0.032 1.03685 6.67805
6 0.032 1.03685 6.678
6.1 0.032 1.03685 6.67795
6.2 0.032 1.03684 6.6779
6.3 0.032 1.03684 6.67784
6.4 0.032 1.03684 6.67777
6.5 0.032 1.03684 6.6777
6.6 0.032 1.03684 6.67763
6.7 0.032 1.03684 6.67754
6.8 0.032 1.03684 6.67745
6.9 0.032 1.03684 6.67733
7 0.032 1.03684 6.67719
7.1 0.032 1.03684 6.67701
7.2 0.032 1.03684 6.67677
7.3 0.032 1.03684 6.67642
7.4 0.032 1.03684 6.67591
7.5 0.032 1.03684 6.67514
7.6 0.032 1.03684 6.67397
7.7 0.032 1.03684 6.67217
7.8 0.032 1.03684 6.66944
7.9 0.032 1.03684 6.66534
8 0.032 1.03684 6.65927
8.1 0.032 1.03684 6.65041
8.2 0.032 1.03684 6.63772
8.3 0.032 1.03684 6.61988
8.4 0.032 1.03685 6.59527
8.5 0.032 1.03685 6.56199
8.6 0.032 1.03685 6.51784
8.7 0.032 1.03685 6.46046
8.8 0.032 1.03686 6.38736
8.9 0.032 1.03686 6.2961
9 0.032 1.03686 6.18443
9.1 0.032 1.03687 6.05047
9.2 0.032 1.03688 5.89276
9.3 0.032 1.03688 5.71182
9.4 0.032 1.03689 5.53219
9.5 0.032 1.0369 5.54656
9.6 0.032 1.03691 6.54468
9.7 0.032 1.03692 9.72003
9.8 0.032 1.03694 43.0257
9.9 0.032 1.03696 43.7089

0 0.034 1.00065 0
0.1 0.034 1.00304 10.4244
0.2 0.034 1.00322 8.21945
0.3 0.034 1.00569 7.85684
0.4 0.034 1.00686 7.84688
0.5 0.034 1.00879 7.88778
0.6 0.034 1.01107 7.92956
0.7 0.034 1.0136 7.95598
0.8 0.034 1.01628 7.95866
0.9 0.034 1.019 7.9327
1 0.034 1.02165 7.87598
1.1 0.034 1.02417 7.78893
1.2 0.034 1.02646 7.67453
1.3 0.034 1.02851 7.53846
1.4 0.034 1.03028 7.38884
1.5 0.034 1.03176 7.23559
1.6 0.034 1.03298 7.08902
1.7 0.034 1.03394 6.95827
1.8 0.034 1.03469 6.84963
1.9 0.034 1.03526 6.76565
2 0.034 1.03567 6.70516
2.1 0.034 1.03596 6.66438
2.2 0.034 1.03616 6.63845
2.3 0.034 1.03629 6.62273
2.4 0.034 1.03638 6.61351
2.5 0.034 1.03642 6.60819
2.6 0.034 1.03644 6.60514
2.7 0.034 1.03645 6.60337
2.8 0.034 1.03645 6.60232
2.9 0.034 1.03644 6.60168
3 0.034 1.03643 6.60129
3.1 0.034 1.03642 6.60104
3.2 0.034 1.03641 6.60088
3.3 0.034 1.0364 6.60077
3.4 0.034 1.03639 6.6007
3.5 0.034 1.03638 6.60064
3.6 0.034 1.03637 6.60059
3.7 0.034 1.03636 6.60054
3.8 0.034 1.03635 6.6005
3.9 0.034 1.03635 6.60046
4 0.034 1.03634 6.60042
4.1 0.034 1.03634 6.60038
4.2 0.034 1.03633 6.60034
4.3 0.034 1.03633 6.60029
4.4 0.034 1.03632 6.60025
4.5 0.034 1.03632 6.6002
4.6 0.034 1.03631 6.60016
4.7 0.034 1.03631 6.60012
4.8 0.034 1.03631 6.60007
4.9 0.034 1.0363 6.60002
5 0.034 1.0363 6.59998
5.1 0.034 1.0363 6.59993
5.2 0.034 1.03629 6.59989
5.3 0.034 1.03629 6.59984
5.4 0.034 1.03629 6.59979
5.5 0.034 1.03629 6.59975
5.6 0.034 1.03629 6.5997
5.7 0.034 1.03628 6.59965
5.8 0.034 1.03628 6.5996
5.9 0.034 1.03628 6.59955
6 0.034 1.03628 6.59949
6.1 0.034 1.03628 6.59944
6.2 0.034 1.03628 6.59938
6.3 0.034 1.03627 6.59931
6.4 0.034 1.03627 6.59924
6.5 0.034 1.03627 6.59917
6.6 0.034 1.03627 6.59909
6.7 0.034 1.03627 6.59899
6.8 0.034 1.03627 6.59889
6.9 0.034 1.03627 6.59877
7 0.034 1.03627 6.59862
7.1 0.034 1.03627 6.59844
7.2 0.034 1.03627 6.59818
7.3 0.034 1.03627 6.59783
7.4 0.034 1.03627 6.59731
7.5 0.034 1.03627 6.59653
7.6 0.034 1.03627 6.59535
7.7 0.034 1.03627 6.59354
7.8 0.034 1.03627 6.59081
7.9 0.034 1.03627 6.58671
8 0.034 1.03627 6.58063
8.1 0.034 1.03627 6.57179
8.2 0.034 1.03627 6.55912
8.3 0.034 1.03627 6.54131
8.4 0.034 1.03628 6.51676
8.5 0.034 1.03628 6.48355
8.6 0.034 1.03628 6.43952
8.7 0.034 1.03628 6.3823
8.8 0.034 1.03629 6.30943
8.9 0.034 1.03629 6.21846
9 0.034 1.0363 6.10718
9.1 0.034 1.0363 5.97366
9.2 0.034 1.03631 5.81646
9.3 0.034 1.03632 5.63714
9.4 0.034 1.03632 5.47058
9.5 0.034 1.03633 5.55255
9.6 0.034 1.03635 6.74143
9.7 0.034 1.03636 10.1565
9.8 0.034 1.03638 44.1934
9.9 0.034 1.0364 44.7494

0 0.036 0.999051 0
0.1 0.036 1.00119 10.7245
0.2 0.036 1.00155 8.23217
0.3 0.036 1.0044 7.81257
0.4 0.036 1.0055 7.7941
0.5 0.036 1.00752 7.83287
0.6 0.036 1.00991 7.87207
0.7 0.036 1.01258 7.89591
0.8 0.036 1.01539 7.89648
0.9 0.036 1.01825 7.86897
1 0.036 1.02105 7.81113
1.1 0.036 1.02369 7.72322
1.2 0.036 1.02612 7.60811
1.3 0.036 1.02828 7.47134
1.4 0.036 1.03015 7.32092
1.5 0.036 1.03172 7.16665
1.6 0.036 1.033 7.01882
1.7 0.036 1.03403 6.88657
1.8 0.036 1.03482 6.77633
1.9 0.036 1.03542 6.69078
2 0.036 1.03585 6.62892
2.1 0.036 1.03616 6.58706
2.2 0.036 1.03637 6.56037
2.3 0.036 1.03651 6.54415
2.4 0.036 1.0366 6.53463
2.5 0.036 1.03664 6.52915
2.6 0.036 1.03667 6.52602
2.7 0.036 1.03667 6.5242
2.8 0.036 1.03667 6.52314
2.9 0.036 1.03666 6.5225
3 0.036 1.03665 6.52211
3.1 0.036 1.03663 6.52186
3.2 0.036 1.03662 6.5217
3.3 0.036 1.03661 6.52159
3.4 0.036 1.0366 6.52151
3.5 0.036 1.03659 6.52145
3.6 0.036 1.03658 6.52139
3.7 0.036 1.03657 6.52135
3.8 0.036 1.03656 6.5213
3.9 0.036 1.03655 6.52125
4 0.036 1.03654 6.52121
4.1 0.036 1.03654 6.52116
4.2 0.036 1.03653 6.52112
4.3 0.036 1.03653 6.52107
4.4 0.036 1.03652 6.52102
4.5 0.036 1.03652 6.52097
4.6 0.036 1.03651 6.52092
4.7 0.036 1.03651 6.52087
4.8 0.036 1.0365 6.52082
4.9 0.036 1.0365 6.52077
5 0.036 1.0365 6.52072
5.1 0.036 1.03649 6.52067
5.2 0.036 1.03649 6.52062
5.3 0.036 1.03649 6.52057
5.4 0.036 1.03649 6.52052
5.5 0.036 1.03648 6.52047
5.6 0.036 1.03648 6.52042
5.7 0.036 1.03648 6.52036
5.8 0.036 1.03648 6.52031
5.9 0.036 1.03648 6.52025
6 0.036 1.03647 6.52019
6.1 0.036 1.03647 6.52013
6.2 0.036 1.03647 6.52007
6.3 0.036 1.03647 6.52
6.4 0.036 1.03647 6.51992
6.5 0.036 1.03647 6.51984
6.6 0.036 1.03647 6.51975
6.7 0.036 1.03647 6.51966
6.8 0.036 1.03646 6.51955
6.9 0.036 1.03646 6.51942
7 0.036 1.03646 6.51926
7.1 0.036 1.03646 6.51907
7.2 0.036 1.03646 6.51881
7.3 0.036 1.03646 6.51845
7.4 0.036 1.03646 6.51792
7.5 0.036 1.03646 6.51713
7.6 0.036 1.03646 6.51594
7.7 0.036 1.03646 6.51413
7.8 0.036 1.03646 6.51139
7.9 0.036 1.03646 6.50728
8 0.036 1.03646 6.50121
8.1 0.036 1.03647 6.49237
8.2 0.036 1.03647 6.47972
8.3 0.036 1.03647 6.46195
8.4 0.036 1.03647 6.43745
8.5 0.036 1.03647 6.40433
8.6 0.036 1.03648 6.36042
8.7 0.036 1.03648 6.30337
8.8 0.036 1.03648 6.23073
8.9 0.036 1.03649 6.14006
9 0.036 1.03649 6.02916
9.1 0.036 1.0365 5.8961
9.2 0.036 1.0365 5.73944
9.3 0.036 1.03651 5.56232
9.4 0.036 1.03652 5.41233
9.5 0.036 1.03653 5.56963
9.6 0.036 1.03655 6.94976
9.7 0.036 1.03656 10.5894
9.8 0.036 1.03658 45.268
9.9 0.036 1.0366 45.6682

0 0.038 0.997252 0
0.1 0.038 0.999032 10.9021
0.2 0.038 0.999172 8.24231
0.3 0.038 1.00239 7.76361
0.4 0.038 1.00334 7.73456
0.5 0.038 1.00544 7.77151
0.6 0.038 1.00793 7.80827
0.7 0.038 1.01072 7.82936
0.8 0.038 1.01366 7.8274
0.9 0.038 1.01666 7.79788
1 0.038 1.01959 7.73849
1.1 0.038 1.02237 7.64936
1.2 0.038 1.02492 7.53324
1.3 0.038 1.02719 7.39555
1.4 0.038 1.02915 7.24418
1.5 0.038 1.03081 7.08882
1.6 0.038 1.03216 6.93967
1.7 0.038 1.03324 6.80589
1.8 0.038 1.03408 6.69398
1.9 0.038 1.03471 6.60681
2 0.038 1.03517 6.5435
2.1 0.038 1.0355 6.50049
2.2 0.038 1.03572 6.47294
2.3 0.038 1.03586 6.45614
2.4 0.038 1.03595 6.44626
2.5 0.038 1.036 6.44058
2.6 0.038 1.03602 6.43733
2.7 0.038 1.03603 6.43545
2.8 0.038 1.03602 6.43436
2.9 0.038 1.03601 6.4337
3 0.038 1.036 6.4333
3.1 0.038 1.03598 6.43305
3.2 0.038 1.03597 6.43288
3.3 0.038 1.03595 6.43277
3.4 0.038 1.03594 6.43269
3.5 0.038 1.03593 6.43262
3.6 0.038 1.03591 6.43257
3.7 0.038 1.0359 6.43252
3.8 0.038 1.03589 6.43247
3.9 0.038 1.03589 6.43242
4 0.038 1.03588 6.43237
4.1 0.038 1.03587 6.43232
4.2 0.038 1.03586 6.43227
4.3 0.038 1.03586 6.43221
4.4 0.038 1.03585 6.43216
4.5 0.038 1.03585 6.43211
4.6 0.038 1.03584 6.43206
4.7 0.038 1.03584 6.432
4.8 0.038 1.03583 6.43195
4.9 0.038 1.03583 6.43189
5 0.038 1.03583 6.43184
5.1 0.038 1.03582 6.43178
5.2 0.038 1.03582 6.43173
5.3 0.038 1.03582 6.43167
5.4 0.038 1.03581 6.43162
5.5 0.038 1.03581 6.43156
5.6 0.038 1.03581 6.4315
5.7 0.038 1.03581 6.43144
5.8 0.038 1.0358 6.43138
5.9 0.038 1.0358 6.43132
6 0.038 1.0358 6.43126
6.1 0.038 1.0358 6.43119
6.2 0.038 1.0358 6.43112
6.3 0.038 1.03579 6.43105
6.4 0.038 1.03579 6.43097
6.5 0.038 1.03579 6.43088
6.6 0.038 1.03579 6.43079
6.7 0.038 1.03579 6.43068
6.8 0.038 1.03579 6.43057
6.9 0.038 1.03579 6.43043
7 0.038 1.03579 6.43027
7.1 0.038 1.03579 6.43007
7.2 0.038 1.03579 6.4298
7.3 0.038 1.03579 6.42943
7.4 0.038 1.03579 6.42889
7.5 0.038 1.03579 6.4281
7.6 0.038 1.03579 6.4269
7.7 0.038 1.03579 6.42508
7.8 0.038 1.03579 6.42233
7.9 0.038 1.03579 6.41823
8 0.038 1.03579 6.41216
8.1 0.038 1.03579 6.40333
8.2 0.038 1.03579 6.39071
8.3 0.038 1.03579 6.37298
8.4 0.038 1.03579 6.34854
8.5 0.038 1.0358 6.31551
8.6 0.038 1.0358 6.27174
8.7 0.038 1.0358 6.21488
8.8 0.038 1.03581 6.14249
8.9 0.038 1.03581 6.05216
9 0.038 1.03582 5.94167
9.1 0.038 1.03582 5.8091
9.2 0.038 1.03583 5.65309
9.3 0.038 1.03584 5.47904
9.4 0.038 1.03585 5.34953
9.5 0.038 1.03586 5.58902
9.6 0.038 1.03587 7.15823
9.7 0.038 1.03589 11.0072
9.8 0.038 1.03591 46.2414
9.9 0.038 1.03594 46.459

0 0.04 0.994986 0
0.1 0.04 0.996454 11.1399
0.2 0.04 0.996913 8.25735
0.3 0.04 1.00068 7.7233
0.4 0.04 1.00145 7.68209
0.5 0.04 1.00366 7.71776
0.6 0.04 1.00626 7.75252
0.7 0.04 1.00917 7.77104
0.8 0.04 1.01225 7.7664
0.9 0.04 1.01538 7.73462
1 0.04 1.01845 7.67342
1.1 0.04 1.02136 7.58285
1.2 0.04 1.02404 7.46557
1.3 0.04 1.02642 7.32687
1.4 0.04 1.02848 7.17454
1.5 0.04 1.03022 7.01812
1.6 0.04 1.03164 6.86773
1.7 0.04 1.03278 6.73252
1.8 0.04 1.03366 6.61907
1.9 0.04 1.03432 6.53035
2 0.04 1.03481 6.46566
2.1 0.04 1.03515 6.42151
2.2 0.04 1.03538 6.39312
2.3 0.04 1.03553 6.37574
2.4 0.04 1.03562 6.3655
2.5 0.04 1.03567 6.35959
2.6 0.04 1.0357 6.35622
2.7 0.04 1.0357 6.35428
2.8 0.04 1.03569 6.35315
2.9 0.04 1.03568 6.35247
3 0.04 1.03566 6.35206
3.1 0.04 1.03565 6.35181
3.2 0.04 1.03563 6.35164
3.3 0.04 1.03561 6.35152
3.4 0.04 1.0356 6.35144
3.5 0.04 1.03559 6.35137
3.6 0.04 1.03557 6.35131
3.7 0.04 1.03556 6.35125
3.8 0.04 1.03555 6.3512
3.9 0.04 1.03554 6.35115
4 0.04 1.03553 6.35109
4.1 0.04 1.03552 6.35104
4.2 0.04 1.03552 6.35098
4.3 0.04 1.03551 6.35093
4.4 0.04 1.0355 6.35087
4.5 0.04 1.0355 6.35081
4.6 0.04 1.03549 6.35075
4.7 0.04 1.03549 6.35069
4.8 0.04 1.03548 6.35063
4.9 0.04 1.03548 6.35057
5 0.04 1.03547 6.35051
5.1 0.04 1.03547 6.35045
5.2 0.04 1.03547 6.35039
5.3 0.04 1.03546 6.35033
5.4 0.04 1.03546 6.35027
5.5 0.04 1.03546 6.35021
5.6 0.04 1.03545 6.35015
5.7 0.04 1.03545 6.35009
5.8 0.04 1.03545 6.35002
5.9 0.04 1.03545 6.34996
6 0.04 1.03545 6.34989
6.1 0.04 1.03544 6.34981
6.2 0.04 1.03544 6.34974
6.3 0.04 1.03544 6.34966
6.4 0.04 1.03544 6.34957
6.5 0.04 1.03544 6.34948
6.6 0.04 1.03544 6.34938
6.7 0.04 1.03543 6.34927
6.8 0.04 1.03543 6.34915
6.9 0.04 1.03543 6.34901
7 0.04 1.03543 6.34884
7.1 0.04 1.03543 6.34863
7.2 0.04 1.03543 6.34836
7.3 0.04 1.03543 6.34798
7.4 0.04 1.03543 6.34743
7.5 0.04 1.03543 6.34663
7.6 0.04 1.03543 6.34542
7.7 0.04 1.03543 6.34359
7.8 0.04 1.03543 6.34084
7.9 0.04 1.03543 6.33674
8 0.04 1.03543 6.33067
8.1 0.04 1.03543 6.32186
8.2 0.04 1.03543 6.30925
8.3 0.04 1.03544 6.29156
8.4 0.04 1.03544 6.26718
8.5 0.04 1.03544 6.23424
8.6 0.04 1.03544 6.1906
8.7 0.04 1.03545 6.13391
8.8 0.04 1.03545 6.06176
8.9 0.04 1.03546 5.97176
9 0.04 1.03546 5.86167
9.1 0.04 1.03547 5.72955
9.2 0.04 1.03548 5.57425
9.3 0.04 1.03549 5.40422
9.4 0.04 1.0355 5.2991
9.5 0.04 1.03551 5.62629
9.6 0.04 1.03552 7.38048
9.7 0.04 1.03554 11.425
9.8 0.04 1.03556 47.1612
9.9 0.04 1.03559 47.1665

0 0.042 0.993686 0
0.1 0.042 0.994878 11.4657
0.2 0.042 0.995045 8.27705
0.3 0.042 0.999254 7.6791
0.4 0.042 0.999719 7.6236
0.5 0.042 1.002 7.65798
0.6 0.042 1.00469 7.69095
0.7 0.042 1.00771 7.70689
0.8 0.042 1.01091 7.69935
0.9 0.042 1.01418 7.6649
1 0.042 1.01738 7.60148
1.1 0.042 1.02042 7.5091
1.2 0.042 1.02321 7.39032
1.3 0.042 1.0257 7.25033
1.4 0.042 1.02786 7.09679
1.5 0.042 1.02968 6.93912
1.6 0.042 1.03117 6.78734
1.7 0.042 1.03236 6.65056
1.8 0.042 1.03328 6.53541
1.9 0.042 1.03398 6.44502
2 0.042 1.03449 6.3788
2.1 0.042 1.03485 6.33339
2.2 0.042 1.03509 6.30403
2.3 0.042 1.03524 6.28597
2.4 0.042 1.03534 6.27527
2.5 0.042 1.03539 6.26909
2.6 0.042 1.03541 6.26555
2.7 0.042 1.03541 6.26351
2.8 0.042 1.03541 6.26233
2.9 0.042 1.03539 6.26162
3 0.042 1.03537 6.26119
3.1 0.042 1.03535 6.26092
3.2 0.042 1.03534 6.26075
3.3 0.042 1.03532 6.26063
3.4 0.042 1.0353 6.26054
3.5 0.042 1.03528 6.26046
3.6 0.042 1.03527 6.2604
3.7 0.042 1.03526 6.26034
3.8 0.042 1.03525 6.26028
3.9 0.042 1.03524 6.26023
4 0.042 1.03523 6.26017
4.1 0.042 1.03522 6.26011
4.2 0.042 1.03521 6.26005
4.3 0.042 1.0352 6.25999
4.4 0.042 1.03519 6.25993
4.5 0.042 1.03519 6.25986
4.6 0.042 1.03518 6.2598
4.7 0.042 1.03518 6.25974
4.8 0.042 1.03517 6.25967
4.9 0.042 1.03517 6.25961
5 0.042 1.03516 6.25954
5.1 0.042 1.03516 6.25948
5.2 0.042 1.03515 6.25941
5.3 0.042 1.03515 6.25935
5.4 0.042 1.03515 6.25928
5.5 0.042 1.03514 6.25922
5.6 0.042 1.03514 6.25915
5.7 0.042 1.03514 6.25908
5.8 0.042 1.03513 6.25901
5.9 0.042 1.03513 6.25894
6 0.042 1.03513 6.25887
6.1 0.042 1.03513 6.25879
6.2 0.042 1.03512 6.25871
6.3 0.042 1.03512 6.25863
6.4 0.042 1.03512 6.25854
6.5 0.042 1.03512 6.25844
6.6 0.042 1.03512 6.25833
6.7 0.042 1.03512 6.25822
6.8 0.042 1.03511 6.25809
6.9 0.042 1.03511 6.25794
7 0.042 1.03511 6.25777
7.1 0.042 1.03511 6.25755
7.2 0.042 1.03511 6.25726
7.3 0.042 1.03511 6.25688
7.4 0.042 1.03511 6.25632
7.5 0.042 1.03511 6.25551
7.6 0.042 1.03511 6.25429
7.7 0.042 1.03511 6.25246
7.8 0.042 1.03511 6.24971
7.9 0.042 1.03511 6.2456
8 0.042 1.03511 6.23954
8.1 0.042 1.03511 6.23074
8.2 0.042 1.03512 6.21816
8.3 0.042 1.03512 6.20051
8.4 0.042 1.03512 6.1762
8.5 0.042 1.03512 6.14336
8.6 0.042 1.03513 6.09986
8.7 0.042 1.03513 6.04338
8.8 0.042 1.03513 5.9715
8.9 0.042 1.03514 5.88185
9 0.042 1.03515 5.77221
9.1 0.042 1.03515 5.6406
9.2 0.042 1.03516 5.48624
9.3 0.042 1.03517 5.32151
9.4 0.042 1.03518 5.24503
9.5 0.042 1.03519 5.66446
9.6 0.042 1.03521 7.59755
9.7 0.042 1.03523 11.8231
9.8 0.042 1.03525 47.9944
9.9 0.042 1.03528 47.7625

0 0.044 0.990713 0
0.1 0.044 0.991476 11.5717
0.2 0.044 0.991875 8.30851
0.3 0.044 0.996804 7.64582
0.4 0.044 0.996938 7.57423
0.5 0.044 0.999335 7.6075
0.6 0.044 1.00213 7.63928
0.7 0.044 1.00527 7.653
0.8 0.044 1.0086 7.64265
0.9 0.044 1.012 7.6054
1 0.044 1.01534 7.53957
1.1 0.044 1.01851 7.44521
1.2 0.044 1.02142 7.32479
1.3 0.044 1.02402 7.18342
1.4 0.044 1.02627 7.02864
1.5 0.044 1.02818 6.86972
1.6 0.044 1.02974 6.71658
1.7 0.044 1.03098 6.5783
1.8 0.044 1.03195 6.46154
1.9 0.044 1.03267 6.36954
2 0.044 1.0332 6.30184
2.1 0.044 1.03358 6.25518
2.2 0.044 1.03383 6.22487
2.3 0.044 1.034 6.20613
2.4 0.044 1.03409 6.19498
2.5 0.044 1.03414 6.1885
2.6 0.044 1.03417 6.18479
2.7 0.044 1.03417 6.18265
2.8 0.044 1.03416 6.18141
2.9 0.044 1.03414 6.18067
3 0.044 1.03412 6.18022
3.1 0.044 1.0341 6.17994
3.2 0.044 1.03408 6.17976
3.3 0.044 1.03406 6.17963
3.4 0.044 1.03404 6.17954
3.5 0.044 1.03402 6.17946
3.6 0.044 1.03401 6.17939
3.7 0.044 1.03399 6.17933
3.8 0.044 1.03398 6.17927
3.9 0.044 1.03397 6.1792
4 0.044 1.03396 6.17914
4.1 0.044 1.03395 6.17908
4.2 0.044 1.03394 6.17901
4.3 0.044 1.03393 6.17895
4.4 0.044 1.03392 6.17888
4.5 0.044 1.03391 6.17881
4.6 0.044 1.03391 6.17875
4.7 0.044 1.0339 6.17868
4.8 0.044 1.0339 6.17861
4.9 0.044 1.03389 6.17854
5 0.044 1.03389 6.17847
5.1 0.044 1.03388 6.1784
5.2 0.044 1.03388 6.17833
5.3 0.044 1.03387 6.17826
5.4 0.044 1.03387 6.17819
5.5 0.044 1.03386 6.17812
5.6 0.044 1.03386 6.17805
5.7 0.044 1.03386 6.17797
5.8 0.044 1.03385 6.1779
5.9 0.044 1.03385 6.17782
6 0.044 1.03385 6.17774
6.1 0.044 1.03385 6.17766
6.2 0.044 1.03384 6.17758
6.3 0.044 1.03384 6.17749
6.4 0.044 1.03384 6.17739
6.5 0.044 1.03384 6.17729
6.6 0.044 1.03384 6.17718
6.7 0.044 1.03384 6.17705
6.8 0.044 1.03383 6.17692
6.9 0.044 1.03383 6.17676
7 0.044 1.03383 6.17658
7.1 0.044 1.03383 6.17636
7.2 0.044 1.03383 6.17606
7.3 0.044 1.03383 6.17567
7.4 0.044 1.03383 6.17511
7.5 0.044 1.03383 6.17429
7.6 0.044 1.03383 6.17306
7.7 0.044 1.03383 6.17122
7.8 0.044 1.03383 6.16846
7.9 0.044 1.03383 6.16435
8 0.044 1.03383 6.1583
8.1 0.044 1.03383 6.14951
8.2 0.044 1.03384 6.13695
8.3 0.044 1.03384 6.11934
8.4 0.044 1.03384 6.09509
8.5 0.044 1.03384 6.06235
8.6 0.044 1.03385 6.01898
8.7 0.044 1.03385 5.96269
8.8 0.044 1.03385 5.89108
8.9 0.044 1.03386 5.80177
9 0.044 1.03387 5.69254
9.1 0.044 1.03387 5.56142
9.2 0.044 1.03388 5.40815
9.3 0.044 1.03389 5.25007
9.4 0.044 1.0339 5.20615
9.5 0.044 1.03391 5.72087
9.6 0.044 1.03393 7.82585
9.7 0.044 1.03395 12.2201
9.8 0.044 1.03397 48.7952
9.9 0.044 1.034 48.2974

0 0.046 0.989721 0
0.1 0.046 0.990242 12.0985
0.2 0.046 0.990518 8.35722
0.3 0.046 0.996085 7.61512
0.4 0.046 0.995704 7.52516
0.5 0.046 0.998193 7.55687
0.6 0.046 1.00107 7.58778
0.7 0.046 1.00432 7.59945
0.8 0.046 1.00778 7.58632
0.9 0.046 1.0113 7.54606
1 0.046 1.01476 7.47751
1.1 0.046 1.01806 7.38085
1.2 0.046 1.02108 7.2585
1.3 0.046 1.02379 7.11548
1.4 0.046 1.02614 6.95922
1.5 0.046 1.02812 6.79885
1.6 0.046 1.02975 6.6442
1.7 0.046 1.03105 6.50426
1.8 0.046 1.03206 6.38576
1.9 0.046 1.03282 6.29201
2 0.046 1.03337 6.22271
2.1 0.046 1.03376 6.17469
2.2 0.046 1.03402 6.14332
2.3 0.046 1.03419 6.1238
2.4 0.046 1.03429 6.11212
2.5 0.046 1.03434 6.10531
2.6 0.046 1.03437 6.10137
2.7 0.046 1.03436 6.09911
2.8 0.046 1.03435 6.09779
2.9 0.046 1.03433 6.097
3 0.046 1.03431 6.09653
3.1 0.046 1.03429 6.09623
3.2 0.046 1.03426 6.09604
3.3 0.046 1.03424 6.0959
3.4 0.046 1.03422 6.0958
3.5 0.046 1.0342 6.09572
3.6 0.046 1.03419 6.09565
3.7 0.046 1.03417 6.09558
3.8 0.046 1.03416 6.09552
3.9 0.046 1.03414 6.09545
4 0.046 1.03413 6.09538
4.1 0.046 1.03412 6.09532
4.2 0.046 1.03411 6.09525
4.3 0.046 1.0341 6.09518
4.4 0.046 1.03409 6.0951
4.5 0.046 1.03408 6.09503
4.6 0.046 1.03408 6.09496
4.7 0.046 1.03407 6.09489
4.8 0.046 1.03406 6.09481
4.9 0.046 1.03406 6.09474
5 0.046 1.03405 6.09466
5.1 0.046 1.03405 6.09459
5.2 0.046 1.03404 6.09451
5.3 0.046 1.03404 6.09444
5.4 0.046 1.03403 6.09436
5.5 0.046 1.03403 6.09429
5.6 0.046 1.03403 6.09421
5.7 0.046 1.03402 6.09413
5.8 0.046 1.03402 6.09405
5.9 0.046 1.03402 6.09397
6 0.046 1.03401 6.09389
6.1 0.046 1.03401 6.0938
6.2 0.046 1.03401 6.09371
6.3 0.046 1.03401 6.09361
6.4 0.046 1.034 6.09351
6.5 0.046 1.034 6.0934
6.6 0.046 1.034 6.09329
6.7 0.046 1.034 6.09316
6.8 0.046 1.034 6.09302
6.9 0.046 1.03399 6.09286
7 0.046 1.03399 6.09267
7.1 0.046 1.03399 6.09244
7.2 0.046 1.03399 6.09214
7.3 0.046 1.03399 6.09173
7.4 0.046 1.03399 6.09116
7.5 0.046 1.03399 6.09033
7.6 0.046 1.03399 6.0891
7.7 0.046 1.03399 6.08726
7.8 0.046 1.03399 6.08449
7.9 0.046 1.03399 6.08038
8 0.046 1.03399 6.07433
8.1 0.046 1.03399 6.06555
8.2 0.046 1.034 6.05302
8.3 0.046 1.034 6.03545
8.4 0.046 1.034 6.01127
8.5 0.046 1.034 5.97863
8.6 0.046 1.03401 5.93541
8.7 0.046 1.03401 5.87933
8.8 0.046 1.03402 5.80799
8.9 0.046 1.03402 5.71904
9 0.046 1.03403 5.61025
9.1 0.046 1.03403 5.47967
9.2 0.046 1.03404 5.32785
9.3 0.046 1.03405 5.17807
9.4 0.046 1.03406 5.17072
9.5 0.046 1.03408 5.78276
9.6 0.046 1.0341 8.05137
9.7 0.046 1.03412 12.6013
9.8 0.046 1.03414 49.5351
9.9 0.046 1.03417 48.748

0 0.048 0.986404 0
0.1 0.048 0.98635 12.0736
0.2 0.048 0.986565 8.41344
0.3 0.048 0.993037 7.59369
0.4 0.048 0.992059 7.48319
0.5 0.048 0.994681 7.51276
0.6 0.048 0.997658 7.54328
0.7 0.048 1.00102 7.55321
0.8 0.048 1.00459 7.5375
0.9 0.048 1.00825 7.49419
1 0.048 1.01184 7.42274
1.1 0.048 1.01525 7.32356
1.2 0.048 1.0184 7.19908
1.3 0.048 1.02121 7.05425
1.4 0.048 1.02365 6.89636
1.5 0.048 1.02572 6.73444
1.6 0.048 1.02741 6.57818
1.7 0.048 1.02876 6.43653
1.8 0.048 1.02981 6.31624
1.9 0.048 1.0306 6.22071
2 0.048 1.03118 6.14976
2.1 0.048 1.03158 6.10034
2.2 0.048 1.03186 6.06785
2.3 0.048 1.03203 6.04751
2.4 0.048 1.03214 6.03526
2.5 0.048 1.03219 6.02807
2.6 0.048 1.03221 6.0239
2.7 0.048 1.03221 6.02149
2.8 0.048 1.03219 6.02008
2.9 0.048 1.03217 6.01925
3 0.048 1.03214 6.01874
3.1 0.048 1.03212 6.01842
3.2 0.048 1.03209 6.01822
3.3 0.048 1.03207 6.01807
3.4 0.048 1.03205 6.01797
3.5 0.048 1.03203 6.01788
3.6 0.048 1.03201 6.0178
3.7 0.048 1.03199 6.01773
3.8 0.048 1.03197 6.01766
3.9 0.048 1.03196 6.01759
4 0.048 1.03195 6.01752
4.1 0.048 1.03194 6.01745
4.2 0.048 1.03192 6.01737
4.3 0.048 1.03191 6.0173
4.4 0.048 1.03191 6.01722
4.5 0.048 1.0319 6.01714
4.6 0.048 1.03189 6.01707
4.7 0.048 1.03188 6.01699
4.8 0.048 1.03187 6.01691
4.9 0.048 1.03187 6.01683
5 0.048 1.03186 6.01675
5.1 0.048 1.03186 6.01667
5.2 0.048 1.03185 6.01659
5.3 0.048 1.03185 6.01651
5.4 0.048 1.03184 6.01643
5.5 0.048 1.03184 6.01635
5.6 0.048 1.03183 6.01627
5.7 0.048 1.03183 6.01618
5.8 0.048 1.03183 6.0161
5.9 0.048 1.03182 6.01601
6 0.048 1.03182 6.01592
6.1 0.048 1.03182 6.01583
6.2 0.048 1.03181 6.01574
6.3 0.048 1.03181 6.01564
6.4 0.048 1.03181 6.01553
6.5 0.048 1.03181 6.01542
6.6 0.048 1.0318 6.01529
6.7 0.048 1.0318 6.01516
6.8 0.048 1.0318 6.01501
6.9 0.048 1.0318 6.01484
7 0.048 1.0318 6.01465
7.1 0.048 1.0318 6.01441
7.2 0.048 1.0318 6.0141
7.3 0.048 1.0318 6.01369
7.4 0.048 1.03179 6.01311
7.5 0.048 1.03179 6.01227
7.6 0.048 1.03179 6.01103
7.7 0.048 1.03179 6.00918
7.8 0.048 1.0318 6.00641
7.9 0.048 1.0318 6.0023
8 0.048 1.0318 5.99625
8.1 0.048 1.0318 5.98748
8.2 0.048 1.0318 5.97498
8.3 0.048 1.0318 5.95745
8.4 0.048 1.0318 5.93334
8.5 0.048 1.03181 5.90079
8.6 0.048 1.03181 5.85772
8.7 0.048 1.03182 5.80184
8.8 0.048 1.03182 5.73078
8.9 0.048 1.03183 5.64219
9 0.048 1.03183 5.53385
9.1 0.048 1.03184 5.40385
9.2 0.048 1.03185 5.25383
9.3 0.048 1.03186 5.11411
9.4 0.048 1.03187 5.14695
9.5 0.048 1.03189 5.85712
9.6 0.048 1.0319 8.28065
9.7 0.048 1.03193 12.9748
9.8 0.048 1.03195 50.2405
9.9 0.048 1.03198 49.1395

0 0.05 0.9851 0
0.1 0.05 0.984817 12.7107
0.2 0.05 0.985357 8.48287
0.3 0.05 0.992807 7.58387
0.4 0.05 0.991032 7.45144
0.5 0.05 0.993798 7.47812
0.6 0.05 0.996866 7.50877
0.7 0.05 1.00033 7.51738
0.8 0.05 1.00403 7.49943
0.9 0.05 1.00781 7.45321
1 0.05 1.01153 7.37879
1.1 0.05 1.01507 7.27697
1.2 0.05 1.01833 7.15025
1.3 0.05 1.02125 7.00349
1.4 0.05 1.02378 6.84391
1.5 0.05 1.02592 6.68039
1.6 0.05 1.02768 6.52251
1.7 0.05 1.02909 6.37916
1.8 0.05 1.03018 6.2571
1.9 0.05 1.031 6.15981
2 0.05 1.0316 6.08724
2.1 0.05 1.03202 6.03641
2.2 0.05 1.03231 6.00281
2.3 0.05 1.03249 5.98164
2.4 0.05 1.03259 5.96881
2.5 0.05 1.03265 5.96124
2.6 0.05 1.03267 5.95682
2.7 0.05 1.03266 5.95425
2.8 0.05 1.03264 5.95275
2.9 0.05 1.03262 5.95186
3 0.05 1.03259 5.95132
3.1 0.05 1.03256 5.95098
3.2 0.05 1.03254 5.95076
3.3 0.05 1.03251 5.95061
3.4 0.05 1.03249 5.95049
3.5 0.05 1.03246 5.9504
3.6 0.05 1.03244 5.95032
3.7 0.05 1.03242 5.95024
3.8 0.05 1.03241 5.95017
3.9 0.05 1.03239 5.95009
4 0.05 1.03238 5.95002
4.1 0.05 1.03237 5.94994
4.2 0.05 1.03235 5.94986
4.3 0.05 1.03234 5.94978
4.4 0.05 1.03233 5.9497
4.5 0.05 1.03232 5.94962
4.6 0.05 1.03231 5.94954
4.7 0.05 1.03231 5.94945
4.8 0.05 1.0323 5.94937
4.9 0.05 1.03229 5.94928
5 0.05 1.03229 5.9492
5.1 0.05 1.03228 5.94911
5.2 0.05 1.03227 5.94903
5.3 0.05 1.03227 5.94894
5.4 0.05 1.03226 5.94886
5.5 0.05 1.03226 5.94877
5.6 0.05 1.03225 5.94868
5.7 0.05 1.03225 5.9486
5.8 0.05 1.03225 5.94851
5.9 0.05 1.03224 5.94842
6 0.05 1.03224 5.94832
6.1 0.05 1.03224 5.94822
6.2 0.05 1.03223 5.94812
6.3 0.05 1.03223 5.94802
6.4 0.05 1.03223 5.94791
6.5 0.05 1.03222 5.94779
6.6 0.05 1.03222 5.94766
6.7 0.05 1.03222 5.94752
6.8 0.05 1.03222 5.94737
6.9 0.05 1.03222 5.94719
7 0.05 1.03222 5.94699
7.1 0.05 1.03221 5.94674
7.2 0.05 1.03221 5.94643
7.3 0.05 1.03221 5.94601
7.4 0.05 1.03221 5.94542
7.5 0.05 1.03221 5.94457
7.6 0.05 1.03221 5.94333
7.7 0.05 1.03221 5.94147
7.8 0.05 1.03221 5.93869
7.9 0.05 1.03221 5.93458
8 0.05 1.03221 5.92853
8.1 0.05 1.03222 5.91977
8.2 0.05 1.03222 5.90729
8.3 0.05 1.03222 5.8898
8.4 0.05 1.03222 5.86574
8.5 0.05 1.03223 5.83329
8.6 0.05 1.03223 5.79036
8.7 0.05 1.03223 5.73467
8.8 0.05 1.03224 5.66388
8.9 0.05 1.03224 5.57563
9 0.05 1.03225 5.46771
9.1 0.05 1.03226 5.3383
9.2 0.05 1.03227 5.19051
9.3 0.05 1.03228 5.06264
9.4 0.05 1.03229 5.13888
9.5 0.05 1.03231 5.94692
9.6 0.05 1.03232 8.51656
9.7 0.05 1.03235 13.3445
9.8 0.05 1.03238 50.9298
9.9 0.05 1.03241 49.49

0 0.052 0.982398 0
0.1 0.052 0.981554 12.7397
0.2 0.052 0.981574 8.56106
0.3 0.052 0.990101 7.58079
0.4 0.052 0.987299 7.42446
0.5 0.052 0.990221 7.44661
0.6 0.052 0.993365 7.47732
0.7 0.052 0.996932 7.48465
0.8 0.052 1.00074 7.46455
0.9 0.052 1.00464 7.41538
1 0.052 1.00848 7.33776
1.1 0.052 1.01213 7.23297
1.2 0.052 1.0155 7.10364
1.3 0.052 1.01852 6.95461
1.4 0.052 1.02115 6.79298
1.5 0.052 1.02337 6.62752
1.6 0.052 1.02519 6.4677
1.7 0.052 1.02665 6.32235
1.8 0.052 1.02778 6.19823
1.9 0.052 1.02864 6.09892
2 0.052 1.02926 6.02447
2.1 0.052 1.02969 5.97203
2.2 0.052 1.02999 5.93712
2.3 0.052 1.03017 5.91498
2.4 0.052 1.03028 5.90145
2.5 0.052 1.03033 5.89339
2.6 0.052 1.03035 5.88866
2.7 0.052 1.03034 5.8859
2.8 0.052 1.03032 5.88427
2.9 0.052 1.0303 5.8833
3 0.052 1.03027 5.88271
3.1 0.052 1.03024 5.88235
3.2 0.052 1.03021 5.88211
3.3 0.052 1.03018 5.88195
3.4 0.052 1.03015 5.88182
3.5 0.052 1.03013 5.88173
3.6 0.052 1.0301 5.88164
3.7 0.052 1.03008 5.88156
3.8 0.052 1.03007 5.88148
3.9 0.052 1.03005 5.8814
4 0.052 1.03003 5.88132
4.1 0.052 1.03002 5.88124
4.2 0.052 1.03001 5.88115
4.3 0.052 1.02999 5.88107
4.4 0.052 1.02998 5.88098
4.5 0.052 1.02997 5.88089
4.6 0.052 1.02996 5.88081
4.7 0.052 1.02996 5.88072
4.8 0.052 1.02995 5.88063
4.9 0.052 1.02994 5.88054
5 0.052 1.02993 5.88045
5.1 0.052 1.02993 5.88036
5.2 0.052 1.02992 5.88027
5.3 0.052 1.02991 5.88018
5.4 0.052 1.02991 5.88009
5.5 0.052 1.0299 5.88
5.6 0.052 1.0299 5.8799
5.7 0.052 1.02989 5.87981
5.8 0.052 1.02989 5.87972
5.9 0.052 1.02989 5.87962
6 0.052 1.02988 5.87952
6.1 0.052 1.02988 5.87942
6.2 0.052 1.02987 5.87931
6.3 0.052 1.02987 5.8792
6.4 0.052 1.02987 5.87909
6.5 0.052 1.02987 5.87896
6.6 0.052 1.02986 5.87883
6.7 0.052 1.02986 5.87868
6.8 0.052 1.02986 5.87852
6.9 0.052 1.02986 5.87834
7 0.052 1.02986 5.87813
7.1 0.052 1.02986 5.87788
7.2 0.052 1.02985 5.87756
7.3 0.052 1.02985 5.87713
7.4 0.052 1.02985 5.87653
7.5 0.052 1.02985 5.87568
7.6 0.052 1.02985 5.87442
7.7 0.052 1.02985 5.87256
7.8 0.052 1.02985 5.86978
7.9 0.052 1.02985 5.86566
8 0.052 1.02985 5.85962
8.1 0.052 1.02986 5.85087
8.2 0.052 1.02986 5.83841
8.3 0.052 1.02986 5.82096
8.4 0.052 1.02986 5.79698
8.5 0.052 1.02987 5.76463
8.6 0.052 1.02987 5.72185
8.7 0.052 1.02987 5.66638
8.8 0.052 1.02988 5.59589
8.9 0.052 1.02988 5.50803
9 0.052 1.02989 5.40057
9.1 0.052 1.0299 5.27193
9.2 0.052 1.02991 5.12704
9.3 0.052 1.02992 5.0132
9.4 0.052 1.02993 5.13599
9.5 0.052 1.02995 6.04089
9.6 0.052 1.02997 8.74676
9.7 0.052 1.02999 13.6963
9.8 0.052 1.03002 51.5605
9.9 0.052 1.03006 49.7652

0 0.054 0.979932 0
0.1 0.054 0.978795 13.2465
0.2 0.054 0.97956 8.65134
0.3 0.054 0.989563 7.59467
0.4 0.054 0.985547 7.41342
0.5 0.054 0.988705 7.43019
0.6 0.054 0.991951 7.46161
0.7 0.054 0.995635 7.46836
0.8 0.054 0.999567 7.44672
0.9 0.054 1.00359 7.39512
1 0.054 1.00755 7.31457
1.1 0.054 1.01133 7.20694
1.2 0.054 1.01482 7.07512
1.3 0.054 1.01794 6.92394
1.4 0.054 1.02066 6.76042
1.5 0.054 1.02296 6.59321
1.6 0.054 1.02485 6.43168
1.7 0.054 1.02636 6.28458
1.8 0.054 1.02753 6.15867
1.9 0.054 1.02842 6.05758
2 0.054 1.02906 5.98149
2.1 0.054 1.02951 5.92761
2.2 0.054 1.02981 5.89155
2.3 0.054 1.03001 5.86853
2.4 0.054 1.03012 5.85438
2.5 0.054 1.03017 5.8459
2.6 0.054 1.03019 5.8409
2.7 0.054 1.03018 5.83796
2.8 0.054 1.03016 5.83622
2.9 0.054 1.03013 5.83518
3 0.054 1.03009 5.83455
3.1 0.054 1.03006 5.83416
3.2 0.054 1.03003 5.83391
3.3 0.054 1.03 5.83373
3.4 0.054 1.02997 5.83361
3.5 0.054 1.02994 5.8335
3.6 0.054 1.02992 5.83341
3.7 0.054 1.0299 5.83332
3.8 0.054 1.02988 5.83324
3.9 0.054 1.02986 5.83315
4 0.054 1.02984 5.83307
4.1 0.054 1.02983 5.83298
4.2 0.054 1.02981 5.83289
4.3 0.054 1.0298 5.8328
4.4 0.054 1.02979 5.83271
4.5 0.054 1.02978 5.83262
4.6 0.054 1.02977 5.83253
4.7 0.054 1.02976 5.83243
4.8 0.054 1.02975 5.83234
4.9 0.054 1.02974 5.83224
5 0.054 1.02973 5.83215
5.1 0.054 1.02973 5.83205
5.2 0.054 1.02972 5.83196
5.3 0.054 1.02971 5.83186
5.4 0.054 1.02971 5.83177
5.5 0.054 1.0297 5.83167
5.6 0.054 1.0297 5.83157
5.7 0.054 1.02969 5.83148
5.8 0.054 1.02969 5.83138
5.9 0.054 1.02968 5.83127
6 0.054 1.02968 5.83117
6.1 0.054 1.02968 5.83106
6.2 0.054 1.02967 5.83095
6.3 0.054 1.02967 5.83084
6.4 0.054 1.02967 5.83071
6.5 0.054 1.02966 5.83058
6.6 0.054 1.02966 5.83044
6.7 0.054 1.02966 5.83029
6.8 0.054 1.02966 5.83013
6.9 0.054 1.02965 5.82994
7 0.054 1.02965 5.82972
7.1 0.054 1.02965 5.82946
7.2 0.054 1.02965 5.82913
7.3 0.054 1.02965 5.8287
7.4 0.054 1.02965 5.82809
7.5 0.054 1.02965 5.82723
7.6 0.054 1.02965 5.82597
7.7 0.054 1.02965 5.82409
7.8 0.054 1.02965 5.82131
7.9 0.054 1.02965 5.81718
8 0.054 1.02965 5.81114
8.1 0.054 1.02965 5.8024
8.2 0.054 1.02965 5.78995
8.3 0.054 1.02965 5.77254
8.4 0.054 1.02966 5.74861
8.5 0.054 1.02966 5.71634
8.6 0.054 1.02966 5.67369
8.7 0.054 1.02967 5.6184
8.8 0.054 1.02967 5.54814
8.9 0.054 1.02968 5.4606
9 0.054 1.02969 5.35354
9.1 0.054 1.02969 5.22563
9.2 0.054 1.0297 5.0841
9.3 0.054 1.02972 4.98598
9.4 0.054 1.02973 5.15741
9.5 0.054 1.02975 6.15716
9.6 0.054 1.02977 8.99119
9.7 0.054 1.02979 14.0554
9.8 0.054 1.02982 52.2222
9.9 0.054 1.02986 50.0435

0 0.056 0.978734 0
0.1 0.056 0.977165 13.6664
0.2 0.056 0.977054 8.77948
0.3 0.056 0.988414 7.62078
0.4 0.056 0.982741 7.41162
0.5 0.056 0.986114 7.42042
0.6 0.056 0.989417 7.45157
0.7 0.056 0.993187 7.45742
0.8 0.056 0.997221 7.43404
0.9 0.056 1.00135 7.37991
1 0.056 1.00543 7.29618
1.1 0.056 1.00932 7.1853
1.2 0.056 1.01291 7.05048
1.3 0.056 1.01613 6.89661
1.4 0.056 1.01893 6.73064
1.5 0.056 1.02131 6.56112
1.6 0.056 1.02326 6.3973
1.7 0.056 1.02482 6.24788
1.8 0.056 1.02603 6.11963
1.9 0.056 1.02695 6.01628
2 0.056 1.02761 5.93807
2.1 0.056 1.02808 5.88237
2.2 0.056 1.02839 5.84482
2.3 0.056 1.02859 5.82066
2.4 0.056 1.0287 5.80568
2.5 0.056 1.02875 5.79662
2.6 0.056 1.02877 5.79123
2.7 0.056 1.02876 5.78804
2.8 0.056 1.02873 5.78614
2.9 0.056 1.0287 5.785
3 0.056 1.02866 5.78431
3.1 0.056 1.02863 5.78388
3.2 0.056 1.02859 5.7836
3.3 0.056 1.02856 5.78341
3.4 0.056 1.02853 5.78327
3.5 0.056 1.0285 5.78316
3.6 0.056 1.02847 5.78306
3.7 0.056 1.02845 5.78297
3.8 0.056 1.02843 5.78288
3.9 0.056 1.02841 5.78279
4 0.056 1.02839 5.7827
4.1 0.056 1.02837 5.78261
4.2 0.056 1.02836 5.78252
4.3 0.056 1.02834 5.78242
4.4 0.056 1.02833 5.78233
4.5 0.056 1.02832 5.78223
4.6 0.056 1.02831 5.78213
4.7 0.056 1.0283 5.78203
4.8 0.056 1.02829 5.78193
4.9 0.056 1.02828 5.78183
5 0.056 1.02827 5.78173
5.1 0.056 1.02826 5.78163
5.2 0.056 1.02826 5.78153
5.3 0.056 1.02825 5.78143
5.4 0.056 1.02824 5.78133
5.5 0.056 1.02824 5.78123
5.6 0.056 1.02823 5.78113
5.7 0.056 1.02823 5.78102
5.8 0.056 1.02822 5.78092
5.9 0.056 1.02822 5.78081
6 0.056 1.02821 5.7807
6.1 0.056 1.02821 5.78059
6.2 0.056 1.0282 5.78048
6.3 0.056 1.0282 5.78036
6.4 0.056 1.0282 5.78023
6.5 0.056 1.02819 5.78009
6.6 0.056 1.02819 5.77995
6.7 0.056 1.02819 5.77979
6.8 0.056 1.02819 5.77962
6.9 0.056 1.02818 5.77943
7 0.056 1.02818 5.7792
7.1 0.056 1.02818 5.77893
7.2 0.056 1.02818 5.7786
7.3 0.056 1.02818 5.77815
7.4 0.056 1.02818 5.77754
7.5 0.056 1.02818 5.77667
7.6 0.056 1.02818 5.7754
7.7 0.056 1.02818 5.77352
7.8 0.056 1.02818 5.77073
7.9 0.056 1.02818 5.7666
8 0.056 1.02818 5.76056
8.1 0.056 1.02818 5.75183
8.2 0.056 1.02818 5.7394
8.3 0.056 1.02818 5.72203
8.4 0.056 1.02819 5.69817
8.5 0.056 1.02819 5.66601
8.6 0.056 1.02819 5.62351
8.7 0.056 1.0282 5.56845
8.8 0.056 1.0282 5.4985
8.9 0.056 1.02821 5.41136
9 0.056 1.02822 5.30482
9.1 0.056 1.02823 5.17796
9.2 0.056 1.02824 5.04082
9.3 0.056 1.02825 4.9609
9.4 0.056 1.02826 5.18349
9.5 0.056 1.02828 6.27563
9.6 0.056 1.0283 9.22712
9.7 0.056 1.02833 14.3926
9.8 0.056 1.02836 52.8017
9.9 0.056 1.0284 50.2322

0 0.058 0.974453 0
0.1 0.058 0.972305 13.7256
0.2 0.058 0.973021 8.91138
0.3 0.058 0.986517 7.66386
0.4 0.058 0.978978 7.42449
0.5 0.058 0.982729 7.42421
0.6 0.058 0.986141 7.45543
0.7 0.058 0.990032 7.46129
0.8 0.058 0.99419 7.43685
0.9 0.058 0.998447 7.38091
1 0.058 1.00265 7.29453
1.1 0.058 1.00666 7.18074
1.2 0.058 1.01036 7.0432
1.3 0.058 1.01368 6.88693
1.4 0.058 1.01658 6.71881
1.5 0.058 1.01903 6.54731
1.6 0.058 1.02104 6.38158
1.7 0.058 1.02266 6.23024
1.8 0.058 1.02391 6.10007
1.9 0.058 1.02486 5.99482
2 0.058 1.02554 5.91486
2.1 0.058 1.02603 5.85763
2.2 0.058 1.02635 5.81882
2.3 0.058 1.02655 5.7937
2.4 0.058 1.02666 5.77802
2.5 0.058 1.02672 5.76848
2.6 0.058 1.02673 5.76276
2.7 0.058 1.02672 5.75936
2.8 0.058 1.02669 5.75733
2.9 0.058 1.02666 5.75611
3 0.058 1.02662 5.75536
3.1 0.058 1.02658 5.7549
3.2 0.058 1.02654 5.7546
3.3 0.058 1.0265 5.7544
3.4 0.058 1.02647 5.75425
3.5 0.058 1.02644 5.75413
3.6 0.058 1.02641 5.75403
3.7 0.058 1.02639 5.75393
3.8 0.058 1.02636 5.75384
3.9 0.058 1.02634 5.75375
4 0.058 1.02632 5.75365
4.1 0.058 1.02631 5.75355
4.2 0.058 1.02629 5.75346
4.3 0.058 1.02628 5.75336
4.4 0.058 1.02626 5.75326
4.5 0.058 1.02625 5.75315
4.6 0.058 1.02624 5.75305
4.7 0.058 1.02623 5.75294
4.8 0.058 1.02622 5.75284
4.9 0.058 1.02621 5.75273
5 0.058 1.0262 5.75263
5.1 0.058 1.02619 5.75252
5.2 0.058 1.02618 5.75242
5.3 0.058 1.02617 5.75231
5.4 0.058 1.02617 5.75221
5.5 0.058 1.02616 5.7521
5.6 0.058 1.02616 5.75199
5.7 0.058 1.02615 5.75189
5.8 0.058 1.02614 5.75178
5.9 0.058 1.02614 5.75166
6 0.058 1.02613 5.75155
6.1 0.058 1.02613 5.75143
6.2 0.058 1.02613 5.75131
6.3 0.058 1.02612 5.75119
6.4 0.058 1.02612 5.75105
6.5 0.058 1.02612 5.75091
6.6 0.058 1.02611 5.75076
6.7 0.058 1.02611 5.7506
6.8 0.058 1.02611 5.75042
6.9 0.058 1.02611 5.75022
7 0.058 1.0261 5.74999
7.1 0.058 1.0261 5.74972
7.2 0.058 1.0261 5.74937
7.3 0.058 1.0261 5.74892
7.4 0.058 1.0261 5.7483
7.5 0.058 1.0261 5.74742
7.6 0.058 1.0261 5.74614
7.7 0.058 1.0261 5.74425
7.8 0.058 1.0261 5.74145
7.9 0.058 1.0261 5.73732
8 0.058 1.0261 5.73127
8.1 0.058 1.0261 5.72254
8.2 0.058 1.0261 5.71013
8.3 0.058 1.0261 5.69278
8.4 0.058 1.02611 5.66897
8.5 0.058 1.02611 5.63689
8.6 0.058 1.02611 5.5945
8.7 0.058 1.02612 5.53961
8.8 0.058 1.02612 5.4699
8.9 0.058 1.02613 5.38306
9 0.058 1.02614 5.27695
9.1 0.058 1.02615 5.15113
9.2 0.058 1.02616 5.0189
9.3 0.058 1.02617 4.95868
9.4 0.058 1.02618 5.23342
9.5 0.058 1.0262 6.41484
9.6 0.058 1.02622 9.4768
9.7 0.058 1.02625 14.7391
9.8 0.058 1.02628 53.4365
9.9 0.058 1.02632 50.447

0 0.06 0.974862 0
0.1 0.06 0.972477 14.7916
0.2 0.06 0.972559 9.09323
0.3 0.06 0.987992 7.72895
0.4 0.06 0.977914 7.4565
0.5 0.06 0.982022 7.44431
0.6 0.06 0.985484 7.47394
0.7 0.06 0.989461 7.47937
0.8 0.06 0.993716 7.45354
0.9 0.06 0.99808 7.39571
1 0.06 1.00239 7.30661
1.1 0.06 1.00651 7.18963
1.2 0.06 1.01031 7.04895
1.3 0.06 1.01373 6.88979
1.4 0.06 1.01671 6.71901
1.5 0.06 1.01923 6.54499
1.6 0.06 1.02131 6.37679
1.7 0.06 1.02297 6.22299
1.8 0.06 1.02427 6.09035
1.9 0.06 1.02524 5.98273
2 0.06 1.02595 5.90057
2.1 0.06 1.02644 5.84141
2.2 0.06 1.02677 5.80102
2.3 0.06 1.02698 5.77467
2.4 0.06 1.02709 5.75809
2.5 0.06 1.02715 5.74791
2.6 0.06 1.02716 5.74176
2.7 0.06 1.02714 5.73807
2.8 0.06 1.02711 5.73586
2.9 0.06 1.02708 5.73452
3 0.06 1.02703 5.7337
3.1 0.06 1.02699 5.73319
3.2 0.06 1.02695 5.73286
3.3 0.06 1.02691 5.73264
3.4 0.06 1.02688 5.73248
3.5 0.06 1.02684 5.73235
3.6 0.06 1.02681 5.73224
3.7 0.06 1.02679 5.73214
3.8 0.06 1.02676 5.73204
3.9 0.06 1.02674 5.73194
4 0.06 1.02672 5.73184
4.1 0.06 1.0267 5.73174
4.2 0.06 1.02668 5.73164
4.3 0.06 1.02667 5.73154
4.4 0.06 1.02665 5.73143
4.5 0.06 1.02664 5.73132
4.6 0.06 1.02663 5.73121
4.7 0.06 1.02661 5.7311
4.8 0.06 1.0266 5.73099
4.9 0.06 1.02659 5.73088
5 0.06 1.02658 5.73077
5.1 0.06 1.02657 5.73066
5.2 0.06 1.02657 5.73055
5.3 0.06 1.02656 5.73044
5.4 0.06 1.02655 5.73033
5.5 0.06 1.02654 5.73022
5.6 0.06 1.02654 5.73011
5.7 0.06 1.02653 5.73
5.8 0.06 1.02653 5.72988
5.9 0.06 1.02652 5.72977
6 0.06 1.02651 5.72965
6.1 0.06 1.02651 5.72953
6.2 0.06 1.02651 5.7294
6.3 0.06 1.0265 5.72927
6.4 0.06 1.0265 5.72913
6.5 0.06 1.02649 5.72898
6.6 0.06 1.02649 5.72883
6.7 0.06 1.02649 5.72866
6.8 0.06 1.02649 5.72848
6.9 0.06 1.02648 5.72827
7 0.06 1.02648 5.72804
7.1 0.06 1.02648 5.72775
7.2 0.06 1.02648 5.7274
7.3 0.06 1.02648 5.72694
7.4 0.06 1.02648 5.72632
7.5 0.06 1.02647 5.72543
7.6 0.06 1.02647 5.72414
7.7 0.06 1.02647 5.72224
7.8 0.06 1.02647 5.71943
7.9 0.06 1.02647 5.71529
8 0.06 1.02648 5.70924
8.1 0.06 1.02648 5.70052
8.2 0.06 1.02648 5.68813
8.3 0.06 1.02648 5.67081
8.4 0.06 1.02648 5.64705
8.5 0.06 1.02649 5.61507
8.6 0.06 1.02649 5.57283
8.7 0.06 1.02649 5.51815
8.8 0.06 1.0265 5.44873
8.9 0.06 1.02651 5.36228
9 0.06 1.02651 5.25673
9.1 0.06 1.02652 5.13236
9.2 0.06 1.02653 5.00624
9.3 0.06 1.02655 4.9681
9.4 0.06 1.02656 5.29655
9.5 0.06 1.02658 6.56371
9.6 0.06 1.0266 9.72576
9.7 0.06 1.02663 15.0723
9.8 0.06 1.02666 54.0033
9.9 0.06 1.02671 50.5902

0 0.062 0.969321 0
0.1 0.062 0.966048 14.2878
0.2 0.062 0.966419 9.26407
0.3 0.062 0.984729 7.81042
0.4 0.062 0.971727 7.50291
0.5 0.062 0.9764 7.47722
0.6 0.062 0.979963 7.50447
0.7 0.062 0.984056 7.51
0.8 0.062 0.988428 7.48316
0.9 0.062 0.992909 7.42392
1 0.062 0.997337 7.33259
1.1 0.062 1.00157 7.21275
1.2 0.062 1.00548 7.06912
1.3 0.062 1.00899 6.90719
1.4 0.062 1.01206 6.73388
1.5 0.062 1.01466 6.5575
1.6 0.062 1.0168 6.387
1.7 0.062 1.01851 6.23093
1.8 0.062 1.01984 6.09603
1.9 0.062 1.02085 5.98622
2 0.062 1.02158 5.90202
2.1 0.062 1.02209 5.84109
2.2 0.062 1.02243 5.79923
2.3 0.062 1.02264 5.77173
2.4 0.062 1.02276 5.7543
2.5 0.062 1.02281 5.74353
2.6 0.062 1.02282 5.73697
2.7 0.062 1.0228 5.73301
2.8 0.062 1.02277 5.73062
2.9 0.062 1.02273 5.72917
3 0.062 1.02268 5.72828
3.1 0.062 1.02264 5.72773
3.2 0.062 1.02259 5.72738
3.3 0.062 1.02255 5.72714
3.4 0.062 1.02251 5.72696
3.5 0.062 1.02248 5.72683
3.6 0.062 1.02245 5.72671
3.7 0.062 1.02242 5.7266
3.8 0.062 1.02239 5.7265
3.9 0.062 1.02237 5.7264
4 0.062 1.02235 5.72629
4.1 0.062 1.02233 5.72619
4.2 0.062 1.02231 5.72608
4.3 0.062 1.02229 5.72597
4.4 0.062 1.02227 5.72586
4.5 0.062 1.02226 5.72575
4.6 0.062 1.02225 5.72563
4.7 0.062 1.02223 5.72552
4.8 0.062 1.02222 5.7254
4.9 0.062 1.02221 5.72529
5 0.062 1.0222 5.72517
5.1 0.062 1.02219 5.72506
5.2 0.062 1.02218 5.72494
5.3 0.062 1.02217 5.72482
5.4 0.062 1.02217 5.72471
5.5 0.062 1.02216 5.72459
5.6 0.062 1.02215 5.72448
5.7 0.062 1.02215 5.72436
5.8 0.062 1.02214 5.72424
5.9 0.062 1.02213 5.72412
6 0.062 1.02213 5.72399
6.1 0.062 1.02212 5.72387
6.2 0.062 1.02212 5.72374
6.3 0.062 1.02211 5.7236
6.4 0.062 1.02211 5.72346
6.5 0.062 1.02211 5.72331
6.6 0.062 1.0221 5.72315
6.7 0.062 1.0221 5.72297
6.8 0.062 1.0221 5.72278
6.9 0.062 1.0221 5.72257
7 0.062 1.02209 5.72233
7.1 0.062 1.02209 5.72204
7.2 0.062 1.02209 5.72168
7.3 0.062 1.02209 5.72122
7.4 0.062 1.02209 5.72058
7.5 0.062 1.02209 5.71968
7.6 0.062 1.02208 5.71838
7.7 0.062 1.02208 5.71647
7.8 0.062 1.02208 5.71366
7.9 0.062 1.02208 5.70951
8 0.062 1.02209 5.70346
8.1 0.062 1.02209 5.69473
8.2 0.062 1.02209 5.68235
8.3 0.062 1.02209 5.66506
8.4 0.062 1.02209 5.64135
8.5 0.062 1.0221 5.60944
8.6 0.062 1.0221 5.56733
8.7 0.062 1.02211 5.51282
8.8 0.062 1.02211 5.44365
8.9 0.062 1.02212 5.35754
9 0.062 1.02212 5.25252
9.1 0.062 1.02213 5.12975
9.2 0.062 1.02214 5.01053
9.3 0.062 1.02216 4.99601
9.4 0.062 1.02217 5.37847
9.5 0.062 1.02219 6.72763
9.6 0.062 1.02222 9.98272
9.7 0.062 1.02224 15.4082
9.8 0.062 1.02228 54.5995
9.9 0.062 1.02232 50.7415

0 0.064 0.970241 0
0.1 0.064 0.966972 15.8956
0.2 0.064 0.967662 9.46524
0.3 0.064 0.988968 7.90976
0.4 0.064 0.972173 7.56687
0.5 0.064 0.97748 7.52593
0.6 0.064 0.981108 7.54916
0.7 0.064 0.9853 7.55479
0.8 0.064 0.989778 7.52699
0.9 0.064 0.99437 7.46652
1 0.064 0.998909 7.3733
1.1 0.064 1.00325 7.2508
1.2 0.064 1.00726 7.10424
1.3 0.064 1.01087 6.93949
1.4 0.064 1.01402 6.76357
1.5 0.064 1.0167 6.58472
1.6 0.064 1.0189 6.41185
1.7 0.064 1.02066 6.25342
1.8 0.064 1.02203 6.1162
1.9 0.064 1.02307 6.00413
2 0.064 1.02382 5.91785
2.1 0.064 1.02434 5.85508
2.2 0.064 1.02469 5.8117
2.3 0.064 1.0249 5.78302
2.4 0.064 1.02502 5.7647
2.5 0.064 1.02508 5.7533
2.6 0.064 1.02509 5.74631
2.7 0.064 1.02507 5.74206
2.8 0.064 1.02503 5.73948
2.9 0.064 1.02498 5.73791
3 0.064 1.02493 5.73695
3.1 0.064 1.02489 5.73635
3.2 0.064 1.02484 5.73597
3.3 0.064 1.0248 5.73571
3.4 0.064 1.02476 5.73552
3.5 0.064 1.02472 5.73538
3.6 0.064 1.02468 5.73525
3.7 0.064 1.02465 5.73514
3.8 0.064 1.02463 5.73503
3.9 0.064 1.0246 5.73492
4 0.064 1.02458 5.73481
4.1 0.064 1.02456 5.7347
4.2 0.064 1.02454 5.73459
4.3 0.064 1.02452 5.73448
4.4 0.064 1.0245 5.73436
4.5 0.064 1.02449 5.73424
4.6 0.064 1.02447 5.73412
4.7 0.064 1.02446 5.734
4.8 0.064 1.02444 5.73388
4.9 0.064 1.02443 5.73376
5 0.064 1.02442 5.73364
5.1 0.064 1.02441 5.73352
5.2 0.064 1.0244 5.7334
5.3 0.064 1.02439 5.73328
5.4 0.064 1.02439 5.73316
5.5 0.064 1.02438 5.73304
5.6 0.064 1.02437 5.73292
5.7 0.064 1.02436 5.73279
5.8 0.064 1.02436 5.73267
5.9 0.064 1.02435 5.73255
6 0.064 1.02435 5.73242
6.1 0.064 1.02434 5.73229
6.2 0.064 1.02433 5.73215
6.3 0.064 1.02433 5.73201
6.4 0.064 1.02433 5.73186
6.5 0.064 1.02432 5.73171
6.6 0.064 1.02432 5.73154
6.7 0.064 1.02431 5.73136
6.8 0.064 1.02431 5.73117
6.9 0.064 1.02431 5.73095
7 0.064 1.02431 5.7307
7.1 0.064 1.0243 5.7304
7.2 0.064 1.0243 5.73004
7.3 0.064 1.0243 5.72956
7.4 0.064 1.0243 5.72892
7.5 0.064 1.0243 5.72801
7.6 0.064 1.0243 5.7267
7.7 0.064 1.0243 5.72478
7.8 0.064 1.0243 5.72196
7.9 0.064 1.0243 5.7178
8 0.064 1.0243 5.71174
8.1 0.064 1.0243 5.70301
8.2 0.064 1.0243 5.69064
8.3 0.064 1.0243 5.67337
8.4 0.064 1.02431 5.6497
8.5 0.064 1.02431 5.61786
8.6 0.064 1.02431 5.57587
8.7 0.064 1.02432 5.52154
8.8 0.064 1.02432 5.45261
8.9 0.064 1.02433 5.36684
9 0.064 1.02434 5.2624
9.1 0.064 1.02435 5.14154
9.2 0.064 1.02436 5.03023
9.3 0.064 1.02437 5.041
9.4 0.064 1.02439 5.47766
9.5 0.064 1.02441 6.90481
9.6 0.064 1.02443 10.2451
9.7 0.064 1.02446 15.7421
9.8 0.064 1.0245 55.1918
9.9 0.064 1.02454 50.8765

0 0.066 0.96549 0
0.1 0.066 0.961222 15.2494
0.2 0.066 0.960972 9.7079
0.3 0.066 0.986004 8.04705
0.4 0.066 0.964607 7.66761
0.5 0.066 0.970739 7.60947
0.6 0.066 0.974431 7.62595
0.7 0.066 0.97872 7.63074
0.8 0.066 0.983297 7.60147
0.9 0.066 0.987992 7.53942
1 0.066 0.992635 7.4443
1.1 0.066 0.997075 7.31909
1.2 0.066 1.00119 7.16936
1.3 0.066 1.00489 7.00142
1.4 0.066 1.00812 6.82243
1.5 0.066 1.01086 6.64063
1.6 0.066 1.01312 6.46486
1.7 0.066 1.01493 6.30356
1.8 0.066 1.01634 6.1635
1.9 0.066 1.0174 6.04869
2 0.066 1.01817 5.95989
2.1 0.066 1.01871 5.89491
2.2 0.066 1.01906 5.84969
2.3 0.066 1.01928 5.81956
2.4 0.066 1.01941 5.80015
2.5 0.066 1.01946 5.78796
2.6 0.066 1.01946 5.78043
2.7 0.066 1.01944 5.77581
2.8 0.066 1.0194 5.77299
2.9 0.066 1.01935 5.77127
3 0.066 1.0193 5.7702
3.1 0.066 1.01925 5.76954
3.2 0.066 1.0192 5.76912
3.3 0.066 1.01915 5.76883
3.4 0.066 1.01911 5.76863
3.5 0.066 1.01907 5.76848
3.6 0.066 1.01903 5.76834
3.7 0.066 1.019 5.76822
3.8 0.066 1.01897 5.76811
3.9 0.066 1.01894 5.768
4 0.066 1.01892 5.76788
4.1 0.066 1.01889 5.76777
4.2 0.066 1.01887 5.76765
4.3 0.066 1.01885 5.76753
4.4 0.066 1.01884 5.76741
4.5 0.066 1.01882 5.76729
4.6 0.066 1.0188 5.76716
4.7 0.066 1.01879 5.76704
4.8 0.066 1.01878 5.76692
4.9 0.066 1.01876 5.76679
5 0.066 1.01875 5.76666
5.1 0.066 1.01874 5.76654
5.2 0.066 1.01873 5.76641
5.3 0.066 1.01872 5.76629
5.4 0.066 1.01871 5.76616
5.5 0.066 1.01871 5.76604
5.6 0.066 1.0187 5.76591
5.7 0.066 1.01869 5.76578
5.8 0.066 1.01868 5.76565
5.9 0.066 1.01868 5.76552
6 0.066 1.01867 5.76539
6.1 0.066 1.01867 5.76526
6.2 0.066 1.01866 5.76512
6.3 0.066 1.01866 5.76497
6.4 0.066 1.01865 5.76482
6.5 0.066 1.01865 5.76466
6.6 0.066 1.01864 5.76449
6.7 0.066 1.01864 5.7643
6.8 0.066 1.01864 5.7641
6.9 0.066 1.01863 5.76388
7 0.066 1.01863 5.76363
7.1 0.066 1.01863 5.76332
7.2 0.066 1.01863 5.76295
7.3 0.066 1.01862 5.76247
7.4 0.066 1.01862 5.76182
7.5 0.066 1.01862 5.7609
7.6 0.066 1.01862 5.75958
7.7 0.066 1.01862 5.75765
7.8 0.066 1.01862 5.75481
7.9 0.066 1.01862 5.75065
8 0.066 1.01862 5.74458
8.1 0.066 1.01862 5.73585
8.2 0.066 1.01862 5.72349
8.3 0.066 1.01862 5.70624
8.4 0.066 1.01863 5.68262
8.5 0.066 1.01863 5.65088
8.6 0.066 1.01863 5.60902
8.7 0.066 1.01864 5.5549
8.8 0.066 1.01864 5.48627
8.9 0.066 1.01865 5.40092
9 0.066 1.01866 5.29726
9.1 0.066 1.01867 5.17887
9.2 0.066 1.01868 5.07688
9.3 0.066 1.01869 5.11493
9.4 0.066 1.01871 5.60602
9.5 0.066 1.01873 7.1067
9.6 0.066 1.01875 10.5225
9.7 0.066 1.01878 16.0792
9.8 0.066 1.01882 55.7354
9.9 0.066 1.01887 50.9663

0 0.068 0.964507 0
0.1 0.068 0.960197 16.7334
0.2 0.068 0.961546 9.93192
0.3 0.068 0.991308 8.17116
0.4 0.068 0.964281 7.75493
0.5 0.068 0.971518 7.67968
0.6 0.068 0.975311 7.68875
0.7 0.068 0.979731 7.69355
0.8 0.068 0.984431 7.66389
0.9 0.068 0.989248 7.601
1 0.068 0.99401 7.50485
1.1 0.068 0.998564 7.3778
1.2 0.068 1.00279 7.22565
1.3 0.068 1.00658 7.05517
1.4 0.068 1.0099 6.87377
1.5 0.068 1.01272 6.68972
1.6 0.068 1.01504 6.5118
1.7 0.068 1.0169 6.34838
1.8 0.068 1.01835 6.20624
1.9 0.068 1.01944 6.08943
2 0.068 1.02023 5.99875
2.1 0.068 1.02078 5.93211
2.2 0.068 1.02115 5.88552
2.3 0.068 1.02137 5.85429
2.4 0.068 1.0215 5.83407
2.5 0.068 1.02155 5.82129
2.6 0.068 1.02155 5.81335
2.7 0.068 1.02153 5.80846
2.8 0.068 1.02149 5.80546
2.9 0.068 1.02143 5.80362
3 0.068 1.02138 5.80249
3.1 0.068 1.02132 5.80178
3.2 0.068 1.02127 5.80132
3.3 0.068 1.02122 5.80102
3.4 0.068 1.02117 5.80081
3.5 0.068 1.02113 5.80064
3.6 0.068 1.02109 5.8005
3.7 0.068 1.02106 5.80038
3.8 0.068 1.02103 5.80026
3.9 0.068 1.021 5.80014
4 0.068 1.02097 5.80002
4.1 0.068 1.02095 5.7999
4.2 0.068 1.02093 5.79978
4.3 0.068 1.02091 5.79966
4.4 0.068 1.02089 5.79953
4.5 0.068 1.02087 5.7994
4.6 0.068 1.02085 5.79927
4.7 0.068 1.02084 5.79914
4.8 0.068 1.02082 5.79901
4.9 0.068 1.02081 5.79888
5 0.068 1.0208 5.79875
5.1 0.068 1.02079 5.79862
5.2 0.068 1.02078 5.79849
5.3 0.068 1.02077 5.79836
5.4 0.068 1.02076 5.79823
5.5 0.068 1.02075 5.7981
5.6 0.068 1.02074 5.79797
5.7 0.068 1.02073 5.79784
5.8 0.068 1.02073 5.7977
5.9 0.068 1.02072 5.79757
6 0.068 1.02071 5.79743
6.1 0.068 1.02071 5.79729
6.2 0.068 1.0207 5.79714
6.3 0.068 1.0207 5.79699
6.4 0.068 1.02069 5.79684
6.5 0.068 1.02069 5.79667
6.6 0.068 1.02068 5.79649
6.7 0.068 1.02068 5.79631
6.8 0.068 1.02067 5.7961
6.9 0.068 1.02067 5.79587
7 0.068 1.02067 5.79561
7.1 0.068 1.02067 5.7953
7.2 0.068 1.02066 5.79492
7.3 0.068 1.02066 5.79443
7.4 0.068 1.02066 5.79377
7.5 0.068 1.02066 5.79284
7.6 0.068 1.02066 5.79151
7.7 0.068 1.02066 5.78957
7.8 0.068 1.02066 5.78672
7.9 0.068 1.02066 5.78254
8 0.068 1.02066 5.77646
8.1 0.068 1.02066 5.76773
8.2 0.068 1.02066 5.75535
8.3 0.068 1.02066 5.73811
8.4 0.068 1.02066 5.71452
8.5 0.068 1.02067 5.68282
8.6 0.068 1.02067 5.64104
8.7 0.068 1.02068 5.58704
8.8 0.068 1.02068 5.51861
8.9 0.068 1.02069 5.43354
9 0.068 1.0207 5.33052
9.1 0.068 1.02071 5.21462
9.2 0.068 1.02072 5.1224
9.3 0.068 1.02073 5.18816
9.4 0.068 1.02075 5.73236
9.5 0.068 1.02077 7.30291
9.6 0.068 1.02079 10.7914
9.7 0.068 1.02082 16.4098
9.8 0.068 1.02086 56.3659
9.9 0.068 1.02091 51.1068

0 0.07 0.963164 0
0.1 0.07 0.958013 16.9148
0.2 0.07 0.957202 10.3084
0.3 0.07 0.991934 8.38939
0.4 0.07 0.957779 7.93507
0.5 0.07 0.966257 7.84071
0.6 0.07 0.970063 7.83791
0.7 0.07 0.974558 7.83957
0.8 0.07 0.979336 7.80776
0.9 0.07 0.984238 7.74258
1 0.07 0.98909 7.64452
1.1 0.07 0.993734 7.51504
1.2 0.07 0.998043 7.35972
1.3 0.07 1.00192 7.18575
1.4 0.07 1.00531 7.00079
1.5 0.07 1.00819 6.8132
1.6 0.07 1.01057 6.63176
1.7 0.07 1.01247 6.46483
1.8 0.07 1.01395 6.31923
1.9 0.07 1.01507 6.1991
2 0.07 1.01588 6.10536
2.1 0.07 1.01644 6.03603
2.2 0.07 1.01681 5.98717
2.3 0.07 1.01704 5.95415
2.4 0.07 1.01716 5.93257
2.5 0.07 1.01721 5.91879
2.6 0.07 1.01722 5.91015
2.7 0.07 1.01719 5.90478
2.8 0.07 1.01714 5.90146
2.9 0.07 1.01708 5.89941
3 0.07 1.01702 5.89814
3.1 0.07 1.01697 5.89735
3.2 0.07 1.01691 5.89684
3.3 0.07 1.01686 5.8965
3.4 0.07 1.01681 5.89627
3.5 0.07 1.01676 5.89609
3.6 0.07 1.01672 5.89594
3.7 0.07 1.01669 5.89581
3.8 0.07 1.01665 5.89568
3.9 0.07 1.01662 5.89556
4 0.07 1.01659 5.89544
4.1 0.07 1.01657 5.89531
4.2 0.07 1.01654 5.89519
4.3 0.07 1.01652 5.89506
4.4 0.07 1.0165 5.89493
4.5 0.07 1.01648 5.89479
4.6 0.07 1.01647 5.89466
4.7 0.07 1.01645 5.89453
4.8 0.07 1.01643 5.89439
4.9 0.07 1.01642 5.89426
5 0.07 1.01641 5.89412
5.1 0.07 1.0164 5.89399
5.2 0.07 1.01638 5.89385
5.3 0.07 1.01637 5.89372
5.4 0.07 1.01636 5.89358
5.5 0.07 1.01635 5.89345
5.6 0.07 1.01635 5.89331
5.7 0.07 1.01634 5.89318
5.8 0.07 1.01633 5.89304
5.9 0.07 1.01632 5.8929
6 0.07 1.01631 5.89276
6.1 0.07 1.01631 5.89261
6.2 0.07 1.0163 5.89247
6.3 0.07 1.0163 5.89231
6.4 0.07 1.01629 5.89215
6.5 0.07 1.01629 5.89198
6.6 0.07 1.01628 5.8918
6.7 0.07 1.01628 5.89161
6.8 0.07 1.01627 5.8914
6.9 0.07 1.01627 5.89116
7 0.07 1.01627 5.8909
7.1 0.07 1.01626 5.89058
7.2 0.07 1.01626 5.8902
7.3 0.07 1.01626 5.8897
7.4 0.07 1.01626 5.88903
7.5 0.07 1.01626 5.88809
7.6 0.07 1.01626 5.88675
7.7 0.07 1.01625 5.8848
7.8 0.07 1.01625 5.88193
7.9 0.07 1.01625 5.87774
8 0.07 1.01625 5.87165
8.1 0.07 1.01626 5.86292
8.2 0.07 1.01626 5.85055
8.3 0.07 1.01626 5.83334
8.4 0.07 1.01626 5.80979
8.5 0.07 1.01626 5.77819
8.6 0.07 1.01627 5.73657
8.7 0.07 1.01627 5.68281
8.8 0.07 1.01628 5.61473
8.9 0.07 1.01629 5.53021
9 0.07 1.01629 5.42832
9.1 0.07 1.0163 5.31602
9.2 0.07 1.01631 5.23575
9.3 0.07 1.01633 5.33187
9.4 0.07 1.01635 5.92944
9.5 0.07 1.01637 7.56439
9.6 0.07 1.01639 11.1114
9.7 0.07 1.01642 16.7702
9.8 0.07 1.01646 56.869
9.9 0.07 1.01651 51.1594

